H, 1, 1, 1.007825032, 99.9885
H, 1, 2, 2.014101778, 0.0115
H, 1, 3, 3.016049278, 0.0
H, 1, 4, 4.02781, 0.0
H, 1, 5, 5.03531, 0.0
H, 1, 6, 6.04494, 0.0
H, 1, 7, 7.05275, 0.0
He, 2, 3, 3.016029319, 1.37E-4
He, 2, 4, 4.002603254, 99.999863
He, 2, 5, 5.01222, 0.0
He, 2, 6, 6.0188891, 0.0
He, 2, 7, 7.028021, 0.0
He, 2, 8, 8.033922, 0.0
He, 2, 9, 9.04395, 0.0
He, 2, 10, 10.0524, 0.0
Li, 3, 3, 3.03078, 0.0
Li, 3, 4, 4.02719, 0.0
Li, 3, 5, 5.01254, 0.0
Li, 3, 6, 6.015122795, 7.59
Li, 3, 7, 7.01600455, 92.41
Li, 3, 8, 8.02248736, 0.0
Li, 3, 9, 9.0267895, 0.0
Li, 3, 10, 10.035481, 0.0
Li, 3, 11, 11.043798, 0.0
Li, 3, 12, 12.05378, 0.0
Be, 4, 5, 5.04079, 0.0
Be, 4, 6, 6.019726, 0.0
Be, 4, 7, 7.01692983, 0.0
Be, 4, 8, 8.0053051, 0.0
Be, 4, 9, 9.0121822, 100.0
Be, 4, 10, 10.0135338, 0.0
Be, 4, 11, 11.021658, 0.0
Be, 4, 12, 12.026921, 0.0
Be, 4, 13, 13.03569, 0.0
Be, 4, 14, 14.04289, 0.0
Be, 4, 15, 15.05346, 0.0
Be, 4, 16, 16.06192, 0.0
B, 5, 6, 6.04681, 0.0
B, 5, 7, 7.02992, 0.0
B, 5, 8, 8.0246072, 0.0
B, 5, 9, 9.0133288, 0.0
B, 5, 10, 10.012937, 19.9
B, 5, 11, 11.0093054, 80.1
B, 5, 12, 12.0143521, 0.0
B, 5, 13, 13.0177802, 0.0
B, 5, 14, 14.025404, 0.0
B, 5, 15, 15.031103, 0.0
B, 5, 16, 16.03981, 0.0
B, 5, 17, 17.04699, 0.0
B, 5, 18, 18.05617, 0.0
B, 5, 19, 19.06373, 0.0
C, 6, 8, 8.037675, 0.0
C, 6, 9, 9.0310367, 0.0
C, 6, 10, 10.0168532, 0.0
C, 6, 11, 11.0114336, 0.0
C, 6, 12, 12.0, 98.93
C, 6, 13, 13.00335484, 1.07
C, 6, 14, 14.00324199, 0.0
C, 6, 15, 15.0105993, 0.0
C, 6, 16, 16.014701, 0.0
C, 6, 17, 17.022586, 0.0
C, 6, 18, 18.02676, 0.0
C, 6, 19, 19.03481, 0.0
C, 6, 20, 20.04032, 0.0
C, 6, 21, 21.04934, 0.0
C, 6, 22, 22.0572, 0.0
N, 7, 10, 10.04165, 0.0
N, 7, 11, 11.02609, 0.0
N, 7, 12, 12.0186132, 0.0
N, 7, 13, 13.00573861, 0.0
N, 7, 14, 14.003074, 99.636
N, 7, 15, 15.0001089, 0.364
N, 7, 16, 16.0061017, 0.0
N, 7, 17, 17.00845, 0.0
N, 7, 18, 18.014079, 0.0
N, 7, 19, 19.017029, 0.0
N, 7, 20, 20.02337, 0.0
N, 7, 21, 21.02711, 0.0
N, 7, 22, 22.03439, 0.0
N, 7, 23, 23.04122, 0.0
N, 7, 24, 24.05104, 0.0
N, 7, 25, 25.06066, 0.0
O, 8, 12, 12.034405, 0.0
O, 8, 13, 13.024812, 0.0
O, 8, 14, 14.00859625, 0.0
O, 8, 15, 15.0030656, 0.0
O, 8, 16, 15.99491462, 99.757
O, 8, 17, 16.9991317, 0.038
O, 8, 18, 17.999161, 0.205
O, 8, 19, 19.00358, 0.0
O, 8, 20, 20.0040767, 0.0
O, 8, 21, 21.008656, 0.0
O, 8, 22, 22.00997, 0.0
O, 8, 23, 23.01569, 0.0
O, 8, 24, 24.02047, 0.0
O, 8, 25, 25.02946, 0.0
O, 8, 26, 26.03834, 0.0
O, 8, 27, 27.04826, 0.0
O, 8, 28, 28.05781, 0.0
F, 9, 14, 14.03506, 0.0
F, 9, 15, 15.01801, 0.0
F, 9, 16, 16.011466, 0.0
F, 9, 17, 17.00209524, 0.0
F, 9, 18, 18.000938, 0.0
F, 9, 19, 18.99840322, 100.0
F, 9, 20, 19.99998132, 0.0
F, 9, 21, 20.999949, 0.0
F, 9, 22, 22.002999, 0.0
F, 9, 23, 23.00357, 0.0
F, 9, 24, 24.00812, 0.0
F, 9, 25, 25.0121, 0.0
F, 9, 26, 26.01962, 0.0
F, 9, 27, 27.02676, 0.0
F, 9, 28, 28.03567, 0.0
F, 9, 29, 29.04326, 0.0
F, 9, 30, 30.0525, 0.0
F, 9, 31, 31.06043, 0.0
Ne, 10, 16, 16.025761, 0.0
Ne, 10, 17, 17.017672, 0.0
Ne, 10, 18, 18.0057082, 0.0
Ne, 10, 19, 19.0018802, 0.0
Ne, 10, 20, 19.99244018, 90.48
Ne, 10, 21, 20.99384668, 0.27
Ne, 10, 22, 21.99138511, 9.25
Ne, 10, 23, 22.9944669, 0.0
Ne, 10, 24, 23.9936108, 0.0
Ne, 10, 25, 24.997737, 0.0
Ne, 10, 26, 26.000461, 0.0
Ne, 10, 27, 27.00759, 0.0
Ne, 10, 28, 28.01207, 0.0
Ne, 10, 29, 29.01939, 0.0
Ne, 10, 30, 30.0248, 0.0
Ne, 10, 31, 31.03311, 0.0
Ne, 10, 32, 32.04002, 0.0
Ne, 10, 33, 33.04938, 0.0
Ne, 10, 34, 34.05703, 0.0
Na, 11, 18, 18.02597, 0.0
Na, 11, 19, 19.013877, 0.0
Na, 11, 20, 20.007351, 0.0
Na, 11, 21, 20.9976552, 0.0
Na, 11, 22, 21.9944364, 0.0
Na, 11, 23, 22.98976928, 100.0
Na, 11, 24, 23.99096278, 0.0
Na, 11, 25, 24.989954, 0.0
Na, 11, 26, 25.992633, 0.0
Na, 11, 27, 26.994077, 0.0
Na, 11, 28, 27.998938, 0.0
Na, 11, 29, 29.002861, 0.0
Na, 11, 30, 30.008976, 0.0
Na, 11, 31, 31.01359, 0.0
Na, 11, 32, 32.02047, 0.0
Na, 11, 33, 33.02672, 0.0
Na, 11, 34, 34.03517, 0.0
Na, 11, 35, 35.04249, 0.0
Na, 11, 36, 36.05148, 0.0
Na, 11, 37, 37.05934, 0.0
Mg, 12, 19, 19.03547, 0.0
Mg, 12, 20, 20.018863, 0.0
Mg, 12, 21, 21.011713, 0.0
Mg, 12, 22, 21.9995738, 0.0
Mg, 12, 23, 22.9941237, 0.0
Mg, 12, 24, 23.9850417, 78.99
Mg, 12, 25, 24.98583692, 10.0
Mg, 12, 26, 25.98259293, 11.01
Mg, 12, 27, 26.98434059, 0.0
Mg, 12, 28, 27.9838768, 0.0
Mg, 12, 29, 28.9886, 0.0
Mg, 12, 30, 29.990434, 0.0
Mg, 12, 31, 30.996546, 0.0
Mg, 12, 32, 31.998975, 0.0
Mg, 12, 33, 33.005254, 0.0
Mg, 12, 34, 34.00946, 0.0
Mg, 12, 35, 35.01734, 0.0
Mg, 12, 36, 36.023, 0.0
Mg, 12, 37, 37.0314, 0.0
Mg, 12, 38, 38.03757, 0.0
Mg, 12, 39, 39.04677, 0.0
Mg, 12, 40, 40.05393, 0.0
Al, 13, 21, 21.02804, 0.0
Al, 13, 22, 22.01952, 0.0
Al, 13, 23, 23.007267, 0.0
Al, 13, 24, 23.9999389, 0.0
Al, 13, 25, 24.9904281, 0.0
Al, 13, 26, 25.98689169, 0.0
Al, 13, 27, 26.98153863, 100.0
Al, 13, 28, 27.98191031, 0.0
Al, 13, 29, 28.980445, 0.0
Al, 13, 30, 29.98296, 0.0
Al, 13, 31, 30.983947, 0.0
Al, 13, 32, 31.98812, 0.0
Al, 13, 33, 32.99084, 0.0
Al, 13, 34, 33.99685, 0.0
Al, 13, 35, 34.99986, 0.0
Al, 13, 36, 36.00621, 0.0
Al, 13, 37, 37.01068, 0.0
Al, 13, 38, 38.01723, 0.0
Al, 13, 39, 39.02297, 0.0
Al, 13, 40, 40.03145, 0.0
Al, 13, 41, 41.03833, 0.0
Al, 13, 42, 42.04689, 0.0
Si, 14, 22, 22.03453, 0.0
Si, 14, 23, 23.02552, 0.0
Si, 14, 24, 24.011546, 0.0
Si, 14, 25, 25.004106, 0.0
Si, 14, 26, 25.99233, 0.0
Si, 14, 27, 26.98670491, 0.0
Si, 14, 28, 27.97692653, 92.2297
Si, 14, 29, 28.9764947, 4.6832
Si, 14, 30, 29.97377017, 3.0872
Si, 14, 31, 30.97536323, 0.0
Si, 14, 32, 31.97414808, 0.0
Si, 14, 33, 32.978, 0.0
Si, 14, 34, 33.978576, 0.0
Si, 14, 35, 34.98458, 0.0
Si, 14, 36, 35.9866, 0.0
Si, 14, 37, 36.99294, 0.0
Si, 14, 38, 37.99563, 0.0
Si, 14, 39, 39.00207, 0.0
Si, 14, 40, 40.00587, 0.0
Si, 14, 41, 41.01456, 0.0
Si, 14, 42, 42.01979, 0.0
Si, 14, 43, 43.02866, 0.0
Si, 14, 44, 44.03526, 0.0
P, 15, 24, 24.03435, 0.0
P, 15, 25, 25.02026, 0.0
P, 15, 26, 26.01178, 0.0
P, 15, 27, 26.99923, 0.0
P, 15, 28, 27.992315, 0.0
P, 15, 29, 28.9818006, 0.0
P, 15, 30, 29.9783138, 0.0
P, 15, 31, 30.97376163, 100.0
P, 15, 32, 31.97390727, 0.0
P, 15, 33, 32.9717255, 0.0
P, 15, 34, 33.973636, 0.0
P, 15, 35, 34.9733141, 0.0
P, 15, 36, 35.97826, 0.0
P, 15, 37, 36.97961, 0.0
P, 15, 38, 37.98416, 0.0
P, 15, 39, 38.98618, 0.0
P, 15, 40, 39.9913, 0.0
P, 15, 41, 40.99434, 0.0
P, 15, 42, 42.00101, 0.0
P, 15, 43, 43.00619, 0.0
P, 15, 44, 44.01299, 0.0
P, 15, 45, 45.01922, 0.0
P, 15, 46, 46.02738, 0.0
S, 16, 26, 26.02788, 0.0
S, 16, 27, 27.01883, 0.0
S, 16, 28, 28.00437, 0.0
S, 16, 29, 28.99661, 0.0
S, 16, 30, 29.984903, 0.0
S, 16, 31, 30.9795547, 0.0
S, 16, 32, 31.972071, 94.93
S, 16, 33, 32.97145876, 0.76
S, 16, 34, 33.9678669, 4.29
S, 16, 35, 34.96903216, 0.0
S, 16, 36, 35.96708076, 0.02
S, 16, 37, 36.97112557, 0.0
S, 16, 38, 37.971163, 0.0
S, 16, 39, 38.97513, 0.0
S, 16, 40, 39.97545, 0.0
S, 16, 41, 40.97958, 0.0
S, 16, 42, 41.98102, 0.0
S, 16, 43, 42.98715, 0.0
S, 16, 44, 43.99021, 0.0
S, 16, 45, 44.99651, 0.0
S, 16, 46, 46.00075, 0.0
S, 16, 47, 47.00859, 0.0
S, 16, 48, 48.01417, 0.0
S, 16, 49, 49.02362, 0.0
Cl, 17, 28, 28.02851, 0.0
Cl, 17, 29, 29.01411, 0.0
Cl, 17, 30, 30.00477, 0.0
Cl, 17, 31, 30.99241, 0.0
Cl, 17, 32, 31.98569, 0.0
Cl, 17, 33, 32.9774519, 0.0
Cl, 17, 34, 33.97376282, 0.0
Cl, 17, 35, 34.96885268, 75.76
Cl, 17, 36, 35.96830698, 0.0
Cl, 17, 37, 36.96590259, 24.24
Cl, 17, 38, 37.96801043, 0.0
Cl, 17, 39, 38.9680082, 0.0
Cl, 17, 40, 39.97042, 0.0
Cl, 17, 41, 40.97068, 0.0
Cl, 17, 42, 41.97325, 0.0
Cl, 17, 43, 42.97405, 0.0
Cl, 17, 44, 43.97828, 0.0
Cl, 17, 45, 44.98029, 0.0
Cl, 17, 46, 45.98421, 0.0
Cl, 17, 47, 46.98871, 0.0
Cl, 17, 48, 47.99495, 0.0
Cl, 17, 49, 49.00032, 0.0
Cl, 17, 50, 50.00784, 0.0
Cl, 17, 51, 51.01449, 0.0
Ar, 18, 30, 30.02156, 0.0
Ar, 18, 31, 31.01212, 0.0
Ar, 18, 32, 31.997638, 0.0
Ar, 18, 33, 32.9899257, 0.0
Ar, 18, 34, 33.9802712, 0.0
Ar, 18, 35, 34.9752576, 0.0
Ar, 18, 36, 35.96754511, 0.3365
Ar, 18, 37, 36.96677632, 0.0
Ar, 18, 38, 37.9627324, 0.0632
Ar, 18, 39, 38.964313, 0.0
Ar, 18, 40, 39.96238312, 99.6003
Ar, 18, 41, 40.9645006, 0.0
Ar, 18, 42, 41.963046, 0.0
Ar, 18, 43, 42.965636, 0.0
Ar, 18, 44, 43.964924, 0.0
Ar, 18, 45, 44.96804, 0.0
Ar, 18, 46, 45.96809, 0.0
Ar, 18, 47, 46.97219, 0.0
Ar, 18, 48, 47.97454, 0.0
Ar, 18, 49, 48.98052, 0.0
Ar, 18, 50, 49.98443, 0.0
Ar, 18, 51, 50.99163, 0.0
Ar, 18, 52, 51.99678, 0.0
Ar, 18, 53, 53.00494, 0.0
K, 19, 32, 32.02192, 0.0
K, 19, 33, 33.00726, 0.0
K, 19, 34, 33.99841, 0.0
K, 19, 35, 34.98801, 0.0
K, 19, 36, 35.981292, 0.0
K, 19, 37, 36.97337589, 0.0
K, 19, 38, 37.9690812, 0.0
K, 19, 39, 38.96370668, 93.2581
K, 19, 40, 39.96399848, 0.0117
K, 19, 41, 40.96182576, 6.7302
K, 19, 42, 41.96240281, 0.0
K, 19, 43, 42.960716, 0.0
K, 19, 44, 43.96156, 0.0
K, 19, 45, 44.960699, 0.0
K, 19, 46, 45.961977, 0.0
K, 19, 47, 46.961678, 0.0
K, 19, 48, 47.965514, 0.0
K, 19, 49, 48.96745, 0.0
K, 19, 50, 49.97278, 0.0
K, 19, 51, 50.97638, 0.0
K, 19, 52, 51.98261, 0.0
K, 19, 53, 52.98712, 0.0
K, 19, 54, 53.9942, 0.0
K, 19, 55, 54.99971, 0.0
Ca, 20, 34, 34.01412, 0.0
Ca, 20, 35, 35.00494, 0.0
Ca, 20, 36, 35.99309, 0.0
Ca, 20, 37, 36.98587, 0.0
Ca, 20, 38, 37.976318, 0.0
Ca, 20, 39, 38.9707197, 0.0
Ca, 20, 40, 39.96259098, 96.941
Ca, 20, 41, 40.96227806, 0.0
Ca, 20, 42, 41.95861801, 0.647
Ca, 20, 43, 42.9587666, 0.135
Ca, 20, 44, 43.9554818, 2.086
Ca, 20, 45, 44.9561866, 0.0
Ca, 20, 46, 45.9536926, 0.004
Ca, 20, 47, 46.954546, 0.0
Ca, 20, 48, 47.952534, 0.187
Ca, 20, 49, 48.955674, 0.0
Ca, 20, 50, 49.957519, 0.0
Ca, 20, 51, 50.9615, 0.0
Ca, 20, 52, 51.9651, 0.0
Ca, 20, 53, 52.97005, 0.0
Ca, 20, 54, 53.97435, 0.0
Ca, 20, 55, 54.98055, 0.0
Ca, 20, 56, 55.98557, 0.0
Ca, 20, 57, 56.99236, 0.0
Sc, 21, 36, 36.01492, 0.0
Sc, 21, 37, 37.00305, 0.0
Sc, 21, 38, 37.9947, 0.0
Sc, 21, 39, 38.98479, 0.0
Sc, 21, 40, 39.977967, 0.0
Sc, 21, 41, 40.96925113, 0.0
Sc, 21, 42, 41.96551643, 0.0
Sc, 21, 43, 42.9611507, 0.0
Sc, 21, 44, 43.9594028, 0.0
Sc, 21, 45, 44.9559119, 100.0
Sc, 21, 46, 45.9551719, 0.0
Sc, 21, 47, 46.9524075, 0.0
Sc, 21, 48, 47.952231, 0.0
Sc, 21, 49, 48.950024, 0.0
Sc, 21, 50, 49.952188, 0.0
Sc, 21, 51, 50.953603, 0.0
Sc, 21, 52, 51.95668, 0.0
Sc, 21, 53, 52.95961, 0.0
Sc, 21, 54, 53.96326, 0.0
Sc, 21, 55, 54.96824, 0.0
Sc, 21, 56, 55.97287, 0.0
Sc, 21, 57, 56.97779, 0.0
Sc, 21, 58, 57.98371, 0.0
Sc, 21, 59, 58.98922, 0.0
Sc, 21, 60, 59.99571, 0.0
Ti, 22, 38, 38.00977, 0.0
Ti, 22, 39, 39.00161, 0.0
Ti, 22, 40, 39.9905, 0.0
Ti, 22, 41, 40.98315, 0.0
Ti, 22, 42, 41.973031, 0.0
Ti, 22, 43, 42.968522, 0.0
Ti, 22, 44, 43.9596901, 0.0
Ti, 22, 45, 44.9581256, 0.0
Ti, 22, 46, 45.9526316, 8.25
Ti, 22, 47, 46.9517631, 7.44
Ti, 22, 48, 47.9479463, 73.72
Ti, 22, 49, 48.94787, 5.41
Ti, 22, 50, 49.9447912, 5.18
Ti, 22, 51, 50.946615, 0.0
Ti, 22, 52, 51.946897, 0.0
Ti, 22, 53, 52.94973, 0.0
Ti, 22, 54, 53.95105, 0.0
Ti, 22, 55, 54.95527, 0.0
Ti, 22, 56, 55.9582, 0.0
Ti, 22, 57, 56.96399, 0.0
Ti, 22, 58, 57.96697, 0.0
Ti, 22, 59, 58.97293, 0.0
Ti, 22, 60, 59.97676, 0.0
Ti, 22, 61, 60.9832, 0.0
Ti, 22, 62, 61.98749, 0.0
Ti, 22, 63, 62.99442, 0.0
V, 23, 40, 40.01109, 0.0
V, 23, 41, 40.99978, 0.0
V, 23, 42, 41.99123, 0.0
V, 23, 43, 42.98065, 0.0
V, 23, 44, 43.97411, 0.0
V, 23, 45, 44.965776, 0.0
V, 23, 46, 45.9602005, 0.0
V, 23, 47, 46.9549089, 0.0
V, 23, 48, 47.9522537, 0.0
V, 23, 49, 48.9485161, 0.0
V, 23, 50, 49.9471585, 0.25
V, 23, 51, 50.9439595, 99.75
V, 23, 52, 51.9447755, 0.0
V, 23, 53, 52.944338, 0.0
V, 23, 54, 53.94644, 0.0
V, 23, 55, 54.94723, 0.0
V, 23, 56, 55.95053, 0.0
V, 23, 57, 56.95256, 0.0
V, 23, 58, 57.95683, 0.0
V, 23, 59, 58.96021, 0.0
V, 23, 60, 59.96503, 0.0
V, 23, 61, 60.96848, 0.0
V, 23, 62, 61.97378, 0.0
V, 23, 63, 62.97755, 0.0
V, 23, 64, 63.98347, 0.0
V, 23, 65, 64.98792, 0.0
Cr, 24, 42, 42.00643, 0.0
Cr, 24, 43, 42.99771, 0.0
Cr, 24, 44, 43.98555, 0.0
Cr, 24, 45, 44.97964, 0.0
Cr, 24, 46, 45.968359, 0.0
Cr, 24, 47, 46.9629, 0.0
Cr, 24, 48, 47.954032, 0.0
Cr, 24, 49, 48.9513357, 0.0
Cr, 24, 50, 49.9460442, 4.345
Cr, 24, 51, 50.9447674, 0.0
Cr, 24, 52, 51.9405075, 83.789
Cr, 24, 53, 52.9406494, 9.501
Cr, 24, 54, 53.9388804, 2.365
Cr, 24, 55, 54.9408397, 0.0
Cr, 24, 56, 55.9406531, 0.0
Cr, 24, 57, 56.943613, 0.0
Cr, 24, 58, 57.94435, 0.0
Cr, 24, 59, 58.94859, 0.0
Cr, 24, 60, 59.95008, 0.0
Cr, 24, 61, 60.95472, 0.0
Cr, 24, 62, 61.95661, 0.0
Cr, 24, 63, 62.96186, 0.0
Cr, 24, 64, 63.96441, 0.0
Cr, 24, 65, 64.97016, 0.0
Cr, 24, 66, 65.97338, 0.0
Cr, 24, 67, 66.97955, 0.0
Mn, 25, 44, 44.00687, 0.0
Mn, 25, 45, 44.99451, 0.0
Mn, 25, 46, 45.98672, 0.0
Mn, 25, 47, 46.9761, 0.0
Mn, 25, 48, 47.96852, 0.0
Mn, 25, 49, 48.959618, 0.0
Mn, 25, 50, 49.9542382, 0.0
Mn, 25, 51, 50.9482108, 0.0
Mn, 25, 52, 51.9455655, 0.0
Mn, 25, 53, 52.9412901, 0.0
Mn, 25, 54, 53.9403589, 0.0
Mn, 25, 55, 54.9380451, 100.0
Mn, 25, 56, 55.9389049, 0.0
Mn, 25, 57, 56.9382854, 0.0
Mn, 25, 58, 57.93998, 0.0
Mn, 25, 59, 58.94044, 0.0
Mn, 25, 60, 59.94291, 0.0
Mn, 25, 61, 60.94465, 0.0
Mn, 25, 62, 61.94843, 0.0
Mn, 25, 63, 62.95024, 0.0
Mn, 25, 64, 63.95425, 0.0
Mn, 25, 65, 64.95634, 0.0
Mn, 25, 66, 65.96108, 0.0
Mn, 25, 67, 66.96414, 0.0
Mn, 25, 68, 67.9693, 0.0
Mn, 25, 69, 68.97284, 0.0
Fe, 26, 45, 45.01458, 0.0
Fe, 26, 46, 46.00081, 0.0
Fe, 26, 47, 46.99289, 0.0
Fe, 26, 48, 47.9805, 0.0
Fe, 26, 49, 48.97361, 0.0
Fe, 26, 50, 49.96299, 0.0
Fe, 26, 51, 50.95682, 0.0
Fe, 26, 52, 51.948114, 0.0
Fe, 26, 53, 52.9453079, 0.0
Fe, 26, 54, 53.9396105, 5.845
Fe, 26, 55, 54.9382934, 0.0
Fe, 26, 56, 55.9349375, 91.754
Fe, 26, 57, 56.935394, 2.119
Fe, 26, 58, 57.9332756, 0.282
Fe, 26, 59, 58.9348755, 0.0
Fe, 26, 60, 59.934072, 0.0
Fe, 26, 61, 60.936745, 0.0
Fe, 26, 62, 61.936767, 0.0
Fe, 26, 63, 62.94037, 0.0
Fe, 26, 64, 63.9412, 0.0
Fe, 26, 65, 64.94538, 0.0
Fe, 26, 66, 65.94678, 0.0
Fe, 26, 67, 66.95095, 0.0
Fe, 26, 68, 67.9537, 0.0
Fe, 26, 69, 68.95878, 0.0
Fe, 26, 70, 69.96146, 0.0
Fe, 26, 71, 70.96672, 0.0
Fe, 26, 72, 71.96962, 0.0
Co, 27, 47, 47.01149, 0.0
Co, 27, 48, 48.00176, 0.0
Co, 27, 49, 48.98972, 0.0
Co, 27, 50, 49.98154, 0.0
Co, 27, 51, 50.97072, 0.0
Co, 27, 52, 51.96359, 0.0
Co, 27, 53, 52.954219, 0.0
Co, 27, 54, 53.9484596, 0.0
Co, 27, 55, 54.941999, 0.0
Co, 27, 56, 55.9398393, 0.0
Co, 27, 57, 56.9362914, 0.0
Co, 27, 58, 57.9357528, 0.0
Co, 27, 59, 58.933195, 100.0
Co, 27, 60, 59.9338171, 0.0
Co, 27, 61, 60.9324758, 0.0
Co, 27, 62, 61.934051, 0.0
Co, 27, 63, 62.933612, 0.0
Co, 27, 64, 63.93581, 0.0
Co, 27, 65, 64.936478, 0.0
Co, 27, 66, 65.93976, 0.0
Co, 27, 67, 66.94089, 0.0
Co, 27, 68, 67.94487, 0.0
Co, 27, 69, 68.94632, 0.0
Co, 27, 70, 69.951, 0.0
Co, 27, 71, 70.9529, 0.0
Co, 27, 72, 71.95781, 0.0
Co, 27, 73, 72.96024, 0.0
Co, 27, 74, 73.96538, 0.0
Co, 27, 75, 74.96833, 0.0
Ni, 28, 48, 48.01975, 0.0
Ni, 28, 49, 49.00966, 0.0
Ni, 28, 50, 49.99593, 0.0
Ni, 28, 51, 50.98772, 0.0
Ni, 28, 52, 51.97568, 0.0
Ni, 28, 53, 52.96847, 0.0
Ni, 28, 54, 53.95791, 0.0
Ni, 28, 55, 54.95133, 0.0
Ni, 28, 56, 55.942132, 0.0
Ni, 28, 57, 56.9397935, 0.0
Ni, 28, 58, 57.9353429, 68.0769
Ni, 28, 59, 58.9343467, 0.0
Ni, 28, 60, 59.9307864, 26.2231
Ni, 28, 61, 60.931056, 1.1399
Ni, 28, 62, 61.9283451, 3.6345
Ni, 28, 63, 62.9296694, 0.0
Ni, 28, 64, 63.927966, 0.9256
Ni, 28, 65, 64.9300843, 0.0
Ni, 28, 66, 65.9291393, 0.0
Ni, 28, 67, 66.931569, 0.0
Ni, 28, 68, 67.931869, 0.0
Ni, 28, 69, 68.93561, 0.0
Ni, 28, 70, 69.9365, 0.0
Ni, 28, 71, 70.94074, 0.0
Ni, 28, 72, 71.94209, 0.0
Ni, 28, 73, 72.94647, 0.0
Ni, 28, 74, 73.94807, 0.0
Ni, 28, 75, 74.95287, 0.0
Ni, 28, 76, 75.95533, 0.0
Ni, 28, 77, 76.96055, 0.0
Ni, 28, 78, 77.96318, 0.0
Cu, 29, 52, 51.99718, 0.0
Cu, 29, 53, 52.98555, 0.0
Cu, 29, 54, 53.97671, 0.0
Cu, 29, 55, 54.96605, 0.0
Cu, 29, 56, 55.95856, 0.0
Cu, 29, 57, 56.949211, 0.0
Cu, 29, 58, 57.9445385, 0.0
Cu, 29, 59, 58.939498, 0.0
Cu, 29, 60, 59.937365, 0.0
Cu, 29, 61, 60.9334578, 0.0
Cu, 29, 62, 61.932584, 0.0
Cu, 29, 63, 62.9295975, 69.17
Cu, 29, 64, 63.9297642, 0.0
Cu, 29, 65, 64.9277895, 30.83
Cu, 29, 66, 65.9288688, 0.0
Cu, 29, 67, 66.9277303, 0.0
Cu, 29, 68, 67.9296109, 0.0
Cu, 29, 69, 68.9294293, 0.0
Cu, 29, 70, 69.9323923, 0.0
Cu, 29, 71, 70.9326768, 0.0
Cu, 29, 72, 71.9358203, 0.0
Cu, 29, 73, 72.936675, 0.0
Cu, 29, 74, 73.939875, 0.0
Cu, 29, 75, 74.9419, 0.0
Cu, 29, 76, 75.945275, 0.0
Cu, 29, 77, 76.94785, 0.0
Cu, 29, 78, 77.95196, 0.0
Cu, 29, 79, 78.95456, 0.0
Cu, 29, 80, 79.96087, 0.0
Zn, 30, 54, 53.99295, 0.0
Zn, 30, 55, 54.98398, 0.0
Zn, 30, 56, 55.97238, 0.0
Zn, 30, 57, 56.96479, 0.0
Zn, 30, 58, 57.95459, 0.0
Zn, 30, 59, 58.94926, 0.0
Zn, 30, 60, 59.941827, 0.0
Zn, 30, 61, 60.939511, 0.0
Zn, 30, 62, 61.93433, 0.0
Zn, 30, 63, 62.9332116, 0.0
Zn, 30, 64, 63.9291422, 48.63
Zn, 30, 65, 64.929241, 0.0
Zn, 30, 66, 65.9260334, 27.9
Zn, 30, 67, 66.9271273, 4.1
Zn, 30, 68, 67.9248442, 18.75
Zn, 30, 69, 68.9265503, 0.0
Zn, 30, 70, 69.9253193, 0.62
Zn, 30, 71, 70.927722, 0.0
Zn, 30, 72, 71.926858, 0.0
Zn, 30, 73, 72.92978, 0.0
Zn, 30, 74, 73.92946, 0.0
Zn, 30, 75, 74.93294, 0.0
Zn, 30, 76, 75.93329, 0.0
Zn, 30, 77, 76.93696, 0.0
Zn, 30, 78, 77.93844, 0.0
Zn, 30, 79, 78.94265, 0.0
Zn, 30, 80, 79.94434, 0.0
Zn, 30, 81, 80.95048, 0.0
Zn, 30, 82, 81.95442, 0.0
Zn, 30, 83, 82.96103, 0.0
Ga, 31, 56, 55.99491, 0.0
Ga, 31, 57, 56.98293, 0.0
Ga, 31, 58, 57.97425, 0.0
Ga, 31, 59, 58.96337, 0.0
Ga, 31, 60, 59.95706, 0.0
Ga, 31, 61, 60.94945, 0.0
Ga, 31, 62, 61.944175, 0.0
Ga, 31, 63, 62.9392942, 0.0
Ga, 31, 64, 63.9368387, 0.0
Ga, 31, 65, 64.9327348, 0.0
Ga, 31, 66, 65.931589, 0.0
Ga, 31, 67, 66.9282017, 0.0
Ga, 31, 68, 67.9279801, 0.0
Ga, 31, 69, 68.9255736, 60.108
Ga, 31, 70, 69.926022, 0.0
Ga, 31, 71, 70.9247013, 39.892
Ga, 31, 72, 71.9263663, 0.0
Ga, 31, 73, 72.9251747, 0.0
Ga, 31, 74, 73.926946, 0.0
Ga, 31, 75, 74.9265002, 0.0
Ga, 31, 76, 75.9288276, 0.0
Ga, 31, 77, 76.9291543, 0.0
Ga, 31, 78, 77.9316082, 0.0
Ga, 31, 79, 78.93289, 0.0
Ga, 31, 80, 79.93652, 0.0
Ga, 31, 81, 80.93775, 0.0
Ga, 31, 82, 81.94299, 0.0
Ga, 31, 83, 82.94698, 0.0
Ga, 31, 84, 83.95265, 0.0
Ga, 31, 85, 84.957, 0.0
Ga, 31, 86, 85.96312, 0.0
Ge, 32, 58, 57.99101, 0.0
Ge, 32, 59, 58.98175, 0.0
Ge, 32, 60, 59.97019, 0.0
Ge, 32, 61, 60.96379, 0.0
Ge, 32, 62, 61.95465, 0.0
Ge, 32, 63, 62.94964, 0.0
Ge, 32, 64, 63.94165, 0.0
Ge, 32, 65, 64.93944, 0.0
Ge, 32, 66, 65.93384, 0.0
Ge, 32, 67, 66.932734, 0.0
Ge, 32, 68, 67.928094, 0.0
Ge, 32, 69, 68.9279645, 0.0
Ge, 32, 70, 69.9242474, 20.84
Ge, 32, 71, 70.924951, 0.0
Ge, 32, 72, 71.9220758, 27.54
Ge, 32, 73, 72.9234589, 7.73
Ge, 32, 74, 73.9211778, 36.28
Ge, 32, 75, 74.9228589, 0.0
Ge, 32, 76, 75.9214026, 7.61
Ge, 32, 77, 76.9235486, 0.0
Ge, 32, 78, 77.922853, 0.0
Ge, 32, 79, 78.9254, 0.0
Ge, 32, 80, 79.92537, 0.0
Ge, 32, 81, 80.92882, 0.0
Ge, 32, 82, 81.92955, 0.0
Ge, 32, 83, 82.93462, 0.0
Ge, 32, 84, 83.93747, 0.0
Ge, 32, 85, 84.94303, 0.0
Ge, 32, 86, 85.94649, 0.0
Ge, 32, 87, 86.95251, 0.0
Ge, 32, 88, 87.95691, 0.0
Ge, 32, 89, 88.96383, 0.0
As, 33, 60, 59.99313, 0.0
As, 33, 61, 60.98062, 0.0
As, 33, 62, 61.9732, 0.0
As, 33, 63, 62.96369, 0.0
As, 33, 64, 63.95757, 0.0
As, 33, 65, 64.94956, 0.0
As, 33, 66, 65.94471, 0.0
As, 33, 67, 66.93919, 0.0
As, 33, 68, 67.93677, 0.0
As, 33, 69, 68.93227, 0.0
As, 33, 70, 69.93092, 0.0
As, 33, 71, 70.927112, 0.0
As, 33, 72, 71.926752, 0.0
As, 33, 73, 72.923825, 0.0
As, 33, 74, 73.9239287, 0.0
As, 33, 75, 74.9215965, 100.0
As, 33, 76, 75.922394, 0.0
As, 33, 77, 76.9206473, 0.0
As, 33, 78, 77.921827, 0.0
As, 33, 79, 78.920948, 0.0
As, 33, 80, 79.922534, 0.0
As, 33, 81, 80.922132, 0.0
As, 33, 82, 81.9245, 0.0
As, 33, 83, 82.92498, 0.0
As, 33, 84, 83.92906, 0.0
As, 33, 85, 84.93202, 0.0
As, 33, 86, 85.9365, 0.0
As, 33, 87, 86.9399, 0.0
As, 33, 88, 87.94494, 0.0
As, 33, 89, 88.94939, 0.0
As, 33, 90, 89.9555, 0.0
As, 33, 91, 90.96043, 0.0
As, 33, 92, 91.9668, 0.0
Se, 34, 65, 64.96466, 0.0
Se, 34, 66, 65.95521, 0.0
Se, 34, 67, 66.95009, 0.0
Se, 34, 68, 67.9418, 0.0
Se, 34, 69, 68.93956, 0.0
Se, 34, 70, 69.93339, 0.0
Se, 34, 71, 70.93224, 0.0
Se, 34, 72, 71.927112, 0.0
Se, 34, 73, 72.926765, 0.0
Se, 34, 74, 73.9224764, 0.89
Se, 34, 75, 74.9225234, 0.0
Se, 34, 76, 75.9192136, 9.37
Se, 34, 77, 76.919914, 7.63
Se, 34, 78, 77.9173091, 23.77
Se, 34, 79, 78.9184991, 0.0
Se, 34, 80, 79.9165213, 49.61
Se, 34, 81, 80.9179925, 0.0
Se, 34, 82, 81.9166994, 8.73
Se, 34, 83, 82.919118, 0.0
Se, 34, 84, 83.918462, 0.0
Se, 34, 85, 84.92225, 0.0
Se, 34, 86, 85.924272, 0.0
Se, 34, 87, 86.92852, 0.0
Se, 34, 88, 87.93142, 0.0
Se, 34, 89, 88.93645, 0.0
Se, 34, 90, 89.93996, 0.0
Se, 34, 91, 90.94596, 0.0
Se, 34, 92, 91.94992, 0.0
Se, 34, 93, 92.95629, 0.0
Se, 34, 94, 93.96049, 0.0
Br, 35, 67, 66.96479, 0.0
Br, 35, 68, 67.95852, 0.0
Br, 35, 69, 68.95011, 0.0
Br, 35, 70, 69.94479, 0.0
Br, 35, 71, 70.93874, 0.0
Br, 35, 72, 71.93664, 0.0
Br, 35, 73, 72.93169, 0.0
Br, 35, 74, 73.929891, 0.0
Br, 35, 75, 74.925776, 0.0
Br, 35, 76, 75.924541, 0.0
Br, 35, 77, 76.921379, 0.0
Br, 35, 78, 77.921146, 0.0
Br, 35, 79, 78.9183371, 50.69
Br, 35, 80, 79.9185293, 0.0
Br, 35, 81, 80.9162906, 49.31
Br, 35, 82, 81.9168041, 0.0
Br, 35, 83, 82.91518, 0.0
Br, 35, 84, 83.916479, 0.0
Br, 35, 85, 84.915608, 0.0
Br, 35, 86, 85.918798, 0.0
Br, 35, 87, 86.920711, 0.0
Br, 35, 88, 87.92407, 0.0
Br, 35, 89, 88.92639, 0.0
Br, 35, 90, 89.93063, 0.0
Br, 35, 91, 90.93397, 0.0
Br, 35, 92, 91.93926, 0.0
Br, 35, 93, 92.94305, 0.0
Br, 35, 94, 93.94868, 0.0
Br, 35, 95, 94.95287, 0.0
Br, 35, 96, 95.95853, 0.0
Br, 35, 97, 96.9628, 0.0
Kr, 36, 69, 68.96518, 0.0
Kr, 36, 70, 69.95526, 0.0
Kr, 36, 71, 70.94963, 0.0
Kr, 36, 72, 71.942092, 0.0
Kr, 36, 73, 72.939289, 0.0
Kr, 36, 74, 73.9330844, 0.0
Kr, 36, 75, 74.930946, 0.0
Kr, 36, 76, 75.92591, 0.0
Kr, 36, 77, 76.92467, 0.0
Kr, 36, 78, 77.9203648, 0.35
Kr, 36, 79, 78.920082, 0.0
Kr, 36, 80, 79.916379, 2.28
Kr, 36, 81, 80.916592, 0.0
Kr, 36, 82, 81.9134836, 11.58
Kr, 36, 83, 82.914136, 11.49
Kr, 36, 84, 83.911507, 57.0
Kr, 36, 85, 84.9125273, 0.0
Kr, 36, 86, 85.91061073, 17.3
Kr, 36, 87, 86.91335486, 0.0
Kr, 36, 88, 87.914447, 0.0
Kr, 36, 89, 88.91763, 0.0
Kr, 36, 90, 89.919517, 0.0
Kr, 36, 91, 90.92345, 0.0
Kr, 36, 92, 91.926156, 0.0
Kr, 36, 93, 92.93127, 0.0
Kr, 36, 94, 93.93436, 0.0
Kr, 36, 95, 94.93984, 0.0
Kr, 36, 96, 95.94307, 0.0
Kr, 36, 97, 96.94856, 0.0
Kr, 36, 98, 97.95191, 0.0
Kr, 36, 99, 98.9576, 0.0
Kr, 36, 100, 99.96114, 0.0
Rb, 37, 71, 70.96532, 0.0
Rb, 37, 72, 71.95908, 0.0
Rb, 37, 73, 72.95056, 0.0
Rb, 37, 74, 73.944265, 0.0
Rb, 37, 75, 74.93857, 0.0
Rb, 37, 76, 75.9350722, 0.0
Rb, 37, 77, 76.930408, 0.0
Rb, 37, 78, 77.928141, 0.0
Rb, 37, 79, 78.923989, 0.0
Rb, 37, 80, 79.922519, 0.0
Rb, 37, 81, 80.918996, 0.0
Rb, 37, 82, 81.9182086, 0.0
Rb, 37, 83, 82.91511, 0.0
Rb, 37, 84, 83.914385, 0.0
Rb, 37, 85, 84.91178974, 72.17
Rb, 37, 86, 85.91116742, 0.0
Rb, 37, 87, 86.90918053, 27.83
Rb, 37, 88, 87.91131559, 0.0
Rb, 37, 89, 88.912278, 0.0
Rb, 37, 90, 89.914802, 0.0
Rb, 37, 91, 90.916537, 0.0
Rb, 37, 92, 91.919729, 0.0
Rb, 37, 93, 92.922042, 0.0
Rb, 37, 94, 93.926405, 0.0
Rb, 37, 95, 94.929303, 0.0
Rb, 37, 96, 95.93427, 0.0
Rb, 37, 97, 96.93735, 0.0
Rb, 37, 98, 97.94179, 0.0
Rb, 37, 99, 98.94538, 0.0
Rb, 37, 100, 99.94987, 0.0
Rb, 37, 101, 100.9532, 0.0
Rb, 37, 102, 101.95887, 0.0
Sr, 38, 73, 72.96597, 0.0
Sr, 38, 74, 73.95631, 0.0
Sr, 38, 75, 74.94995, 0.0
Sr, 38, 76, 75.94177, 0.0
Sr, 38, 77, 76.937945, 0.0
Sr, 38, 78, 77.93218, 0.0
Sr, 38, 79, 78.929708, 0.0
Sr, 38, 80, 79.924521, 0.0
Sr, 38, 81, 80.923212, 0.0
Sr, 38, 82, 81.918402, 0.0
Sr, 38, 83, 82.917557, 0.0
Sr, 38, 84, 83.913425, 0.56
Sr, 38, 85, 84.912933, 0.0
Sr, 38, 86, 85.9092602, 9.86
Sr, 38, 87, 86.9088771, 7.0
Sr, 38, 88, 87.9056121, 82.58
Sr, 38, 89, 88.9074507, 0.0
Sr, 38, 90, 89.907738, 0.0
Sr, 38, 91, 90.910203, 0.0
Sr, 38, 92, 91.911038, 0.0
Sr, 38, 93, 92.914026, 0.0
Sr, 38, 94, 93.915361, 0.0
Sr, 38, 95, 94.919359, 0.0
Sr, 38, 96, 95.921697, 0.0
Sr, 38, 97, 96.926153, 0.0
Sr, 38, 98, 97.928453, 0.0
Sr, 38, 99, 98.93324, 0.0
Sr, 38, 100, 99.93535, 0.0
Sr, 38, 101, 100.94052, 0.0
Sr, 38, 102, 101.94302, 0.0
Sr, 38, 103, 102.94895, 0.0
Sr, 38, 104, 103.95233, 0.0
Sr, 38, 105, 104.95858, 0.0
Y, 39, 76, 75.95845, 0.0
Y, 39, 77, 76.94965, 0.0
Y, 39, 78, 77.94361, 0.0
Y, 39, 79, 78.93735, 0.0
Y, 39, 80, 79.93428, 0.0
Y, 39, 81, 80.92913, 0.0
Y, 39, 82, 81.92679, 0.0
Y, 39, 83, 82.92235, 0.0
Y, 39, 84, 83.92039, 0.0
Y, 39, 85, 84.916433, 0.0
Y, 39, 86, 85.914886, 0.0
Y, 39, 87, 86.9108757, 0.0
Y, 39, 88, 87.9095011, 0.0
Y, 39, 89, 88.9058483, 100.0
Y, 39, 90, 89.9071519, 0.0
Y, 39, 91, 90.907305, 0.0
Y, 39, 92, 91.908949, 0.0
Y, 39, 93, 92.909583, 0.0
Y, 39, 94, 93.911595, 0.0
Y, 39, 95, 94.912821, 0.0
Y, 39, 96, 95.915891, 0.0
Y, 39, 97, 96.918134, 0.0
Y, 39, 98, 97.922203, 0.0
Y, 39, 99, 98.924636, 0.0
Y, 39, 100, 99.92776, 0.0
Y, 39, 101, 100.93031, 0.0
Y, 39, 102, 101.93356, 0.0
Y, 39, 103, 102.93673, 0.0
Y, 39, 104, 103.94105, 0.0
Y, 39, 105, 104.94487, 0.0
Y, 39, 106, 105.94979, 0.0
Y, 39, 107, 106.95414, 0.0
Y, 39, 108, 107.95948, 0.0
Zr, 40, 78, 77.95523, 0.0
Zr, 40, 79, 78.94916, 0.0
Zr, 40, 80, 79.9404, 0.0
Zr, 40, 81, 80.93721, 0.0
Zr, 40, 82, 81.93109, 0.0
Zr, 40, 83, 82.92865, 0.0
Zr, 40, 84, 83.92325, 0.0
Zr, 40, 85, 84.92147, 0.0
Zr, 40, 86, 85.91647, 0.0
Zr, 40, 87, 86.914816, 0.0
Zr, 40, 88, 87.910227, 0.0
Zr, 40, 89, 88.90889, 0.0
Zr, 40, 90, 89.9047044, 51.45
Zr, 40, 91, 90.9056458, 11.22
Zr, 40, 92, 91.9050408, 17.15
Zr, 40, 93, 92.906476, 0.0
Zr, 40, 94, 93.9063152, 17.38
Zr, 40, 95, 94.9080426, 0.0
Zr, 40, 96, 95.9082734, 2.8
Zr, 40, 97, 96.9109531, 0.0
Zr, 40, 98, 97.912735, 0.0
Zr, 40, 99, 98.916512, 0.0
Zr, 40, 100, 99.91776, 0.0
Zr, 40, 101, 100.92114, 0.0
Zr, 40, 102, 101.92298, 0.0
Zr, 40, 103, 102.9266, 0.0
Zr, 40, 104, 103.92878, 0.0
Zr, 40, 105, 104.93305, 0.0
Zr, 40, 106, 105.93591, 0.0
Zr, 40, 107, 106.94075, 0.0
Zr, 40, 108, 107.94396, 0.0
Zr, 40, 109, 108.94924, 0.0
Zr, 40, 110, 109.95287, 0.0
Nb, 41, 81, 80.94903, 0.0
Nb, 41, 82, 81.94313, 0.0
Nb, 41, 83, 82.93671, 0.0
Nb, 41, 84, 83.93357, 0.0
Nb, 41, 85, 84.92791, 0.0
Nb, 41, 86, 85.92504, 0.0
Nb, 41, 87, 86.92036, 0.0
Nb, 41, 88, 87.91833, 0.0
Nb, 41, 89, 88.913418, 0.0
Nb, 41, 90, 89.911265, 0.0
Nb, 41, 91, 90.906996, 0.0
Nb, 41, 92, 91.907194, 0.0
Nb, 41, 93, 92.9063781, 100.0
Nb, 41, 94, 93.9072839, 0.0
Nb, 41, 95, 94.9068358, 0.0
Nb, 41, 96, 95.908101, 0.0
Nb, 41, 97, 96.9080986, 0.0
Nb, 41, 98, 97.910328, 0.0
Nb, 41, 99, 98.911618, 0.0
Nb, 41, 100, 99.914182, 0.0
Nb, 41, 101, 100.915252, 0.0
Nb, 41, 102, 101.91804, 0.0
Nb, 41, 103, 102.91914, 0.0
Nb, 41, 104, 103.92246, 0.0
Nb, 41, 105, 104.92394, 0.0
Nb, 41, 106, 105.92797, 0.0
Nb, 41, 107, 106.93031, 0.0
Nb, 41, 108, 107.93484, 0.0
Nb, 41, 109, 108.93763, 0.0
Nb, 41, 110, 109.94244, 0.0
Nb, 41, 111, 110.94565, 0.0
Nb, 41, 112, 111.95083, 0.0
Nb, 41, 113, 112.9547, 0.0
Mo, 42, 83, 82.94874, 0.0
Mo, 42, 84, 83.94009, 0.0
Mo, 42, 85, 84.93655, 0.0
Mo, 42, 86, 85.9307, 0.0
Mo, 42, 87, 86.92733, 0.0
Mo, 42, 88, 87.921953, 0.0
Mo, 42, 89, 88.91948, 0.0
Mo, 42, 90, 89.913937, 0.0
Mo, 42, 91, 90.91175, 0.0
Mo, 42, 92, 91.906811, 14.84
Mo, 42, 93, 92.906813, 0.0
Mo, 42, 94, 93.9050883, 9.25
Mo, 42, 95, 94.9058421, 15.92
Mo, 42, 96, 95.9046795, 16.68
Mo, 42, 97, 96.9060215, 9.55
Mo, 42, 98, 97.9054082, 24.13
Mo, 42, 99, 98.9077119, 0.0
Mo, 42, 100, 99.907477, 9.63
Mo, 42, 101, 100.910347, 0.0
Mo, 42, 102, 101.910297, 0.0
Mo, 42, 103, 102.91321, 0.0
Mo, 42, 104, 103.91376, 0.0
Mo, 42, 105, 104.91697, 0.0
Mo, 42, 106, 105.918137, 0.0
Mo, 42, 107, 106.92169, 0.0
Mo, 42, 108, 107.92345, 0.0
Mo, 42, 109, 108.92781, 0.0
Mo, 42, 110, 109.92973, 0.0
Mo, 42, 111, 110.93441, 0.0
Mo, 42, 112, 111.93684, 0.0
Mo, 42, 113, 112.94188, 0.0
Mo, 42, 114, 113.94492, 0.0
Mo, 42, 115, 114.95029, 0.0
Tc, 43, 85, 84.94883, 0.0
Tc, 43, 86, 85.94288, 0.0
Tc, 43, 87, 86.93653, 0.0
Tc, 43, 88, 87.93268, 0.0
Tc, 43, 89, 88.92717, 0.0
Tc, 43, 90, 89.92356, 0.0
Tc, 43, 91, 90.91843, 0.0
Tc, 43, 92, 91.91526, 0.0
Tc, 43, 93, 92.910249, 0.0
Tc, 43, 94, 93.909657, 0.0
Tc, 43, 95, 94.907657, 0.0
Tc, 43, 96, 95.907871, 0.0
Tc, 43, 97, 96.906365, 0.0
Tc, 43, 98, 97.907216, 0.0
Tc, 43, 99, 98.9062547, 0.0
Tc, 43, 100, 99.9076578, 0.0
Tc, 43, 101, 100.907315, 0.0
Tc, 43, 102, 101.909215, 0.0
Tc, 43, 103, 102.909181, 0.0
Tc, 43, 104, 103.91145, 0.0
Tc, 43, 105, 104.91166, 0.0
Tc, 43, 106, 105.914358, 0.0
Tc, 43, 107, 106.91508, 0.0
Tc, 43, 108, 107.91846, 0.0
Tc, 43, 109, 108.91998, 0.0
Tc, 43, 110, 109.92382, 0.0
Tc, 43, 111, 110.92569, 0.0
Tc, 43, 112, 111.92915, 0.0
Tc, 43, 113, 112.93159, 0.0
Tc, 43, 114, 113.93588, 0.0
Tc, 43, 115, 114.93869, 0.0
Tc, 43, 116, 115.94337, 0.0
Tc, 43, 117, 116.94648, 0.0
Tc, 43, 118, 117.95148, 0.0
Ru, 44, 87, 86.94918, 0.0
Ru, 44, 88, 87.94026, 0.0
Ru, 44, 89, 88.93611, 0.0
Ru, 44, 90, 89.92989, 0.0
Ru, 44, 91, 90.92629, 0.0
Ru, 44, 92, 91.92012, 0.0
Ru, 44, 93, 92.91705, 0.0
Ru, 44, 94, 93.91136, 0.0
Ru, 44, 95, 94.910413, 0.0
Ru, 44, 96, 95.907598, 5.54
Ru, 44, 97, 96.907555, 0.0
Ru, 44, 98, 97.905287, 1.87
Ru, 44, 99, 98.9059393, 12.76
Ru, 44, 100, 99.9042195, 12.6
Ru, 44, 101, 100.9055821, 17.06
Ru, 44, 102, 101.9043493, 31.55
Ru, 44, 103, 102.9063238, 0.0
Ru, 44, 104, 103.905433, 18.62
Ru, 44, 105, 104.907753, 0.0
Ru, 44, 106, 105.907329, 0.0
Ru, 44, 107, 106.90991, 0.0
Ru, 44, 108, 107.91017, 0.0
Ru, 44, 109, 108.9132, 0.0
Ru, 44, 110, 109.91414, 0.0
Ru, 44, 111, 110.9177, 0.0
Ru, 44, 112, 111.91897, 0.0
Ru, 44, 113, 112.92249, 0.0
Ru, 44, 114, 113.92428, 0.0
Ru, 44, 115, 114.92869, 0.0
Ru, 44, 116, 115.93081, 0.0
Ru, 44, 117, 116.93558, 0.0
Ru, 44, 118, 117.93782, 0.0
Ru, 44, 119, 118.94284, 0.0
Ru, 44, 120, 119.94531, 0.0
Rh, 45, 89, 88.94884, 0.0
Rh, 45, 90, 89.94287, 0.0
Rh, 45, 91, 90.93655, 0.0
Rh, 45, 92, 91.93198, 0.0
Rh, 45, 93, 92.92574, 0.0
Rh, 45, 94, 93.9217, 0.0
Rh, 45, 95, 94.9159, 0.0
Rh, 45, 96, 95.914461, 0.0
Rh, 45, 97, 96.91134, 0.0
Rh, 45, 98, 97.910708, 0.0
Rh, 45, 99, 98.908132, 0.0
Rh, 45, 100, 99.908122, 0.0
Rh, 45, 101, 100.906164, 0.0
Rh, 45, 102, 101.906843, 0.0
Rh, 45, 103, 102.905504, 100.0
Rh, 45, 104, 103.906656, 0.0
Rh, 45, 105, 104.905694, 0.0
Rh, 45, 106, 105.907287, 0.0
Rh, 45, 107, 106.906748, 0.0
Rh, 45, 108, 107.90873, 0.0
Rh, 45, 109, 108.908737, 0.0
Rh, 45, 110, 109.91114, 0.0
Rh, 45, 111, 110.91159, 0.0
Rh, 45, 112, 111.91439, 0.0
Rh, 45, 113, 112.91553, 0.0
Rh, 45, 114, 113.91881, 0.0
Rh, 45, 115, 114.92033, 0.0
Rh, 45, 116, 115.92406, 0.0
Rh, 45, 117, 116.92598, 0.0
Rh, 45, 118, 117.93007, 0.0
Rh, 45, 119, 118.93211, 0.0
Rh, 45, 120, 119.93641, 0.0
Rh, 45, 121, 120.93872, 0.0
Rh, 45, 122, 121.94321, 0.0
Pd, 46, 91, 90.94911, 0.0
Pd, 46, 92, 91.94042, 0.0
Pd, 46, 93, 92.93591, 0.0
Pd, 46, 94, 93.92877, 0.0
Pd, 46, 95, 94.92469, 0.0
Pd, 46, 96, 95.91816, 0.0
Pd, 46, 97, 96.91648, 0.0
Pd, 46, 98, 97.912721, 0.0
Pd, 46, 99, 98.911768, 0.0
Pd, 46, 100, 99.908506, 0.0
Pd, 46, 101, 100.908289, 0.0
Pd, 46, 102, 101.905609, 1.02
Pd, 46, 103, 102.906087, 0.0
Pd, 46, 104, 103.904036, 11.14
Pd, 46, 105, 104.905085, 22.33
Pd, 46, 106, 105.903486, 27.33
Pd, 46, 107, 106.905133, 0.0
Pd, 46, 108, 107.903892, 26.46
Pd, 46, 109, 108.90595, 0.0
Pd, 46, 110, 109.905153, 11.72
Pd, 46, 111, 110.907671, 0.0
Pd, 46, 112, 111.907314, 0.0
Pd, 46, 113, 112.91015, 0.0
Pd, 46, 114, 113.910363, 0.0
Pd, 46, 115, 114.91368, 0.0
Pd, 46, 116, 115.91416, 0.0
Pd, 46, 117, 116.91784, 0.0
Pd, 46, 118, 117.91898, 0.0
Pd, 46, 119, 118.92311, 0.0
Pd, 46, 120, 119.92469, 0.0
Pd, 46, 121, 120.92887, 0.0
Pd, 46, 122, 121.93055, 0.0
Pd, 46, 123, 122.93493, 0.0
Pd, 46, 124, 123.93688, 0.0
Ag, 47, 93, 92.94978, 0.0
Ag, 47, 94, 93.94278, 0.0
Ag, 47, 95, 94.93548, 0.0
Ag, 47, 96, 95.93068, 0.0
Ag, 47, 97, 96.92397, 0.0
Ag, 47, 98, 97.92157, 0.0
Ag, 47, 99, 98.9176, 0.0
Ag, 47, 100, 99.9161, 0.0
Ag, 47, 101, 100.9128, 0.0
Ag, 47, 102, 101.91169, 0.0
Ag, 47, 103, 102.908973, 0.0
Ag, 47, 104, 103.908629, 0.0
Ag, 47, 105, 104.906529, 0.0
Ag, 47, 106, 105.906669, 0.0
Ag, 47, 107, 106.905097, 51.839
Ag, 47, 108, 107.905956, 0.0
Ag, 47, 109, 108.904752, 48.161
Ag, 47, 110, 109.906107, 0.0
Ag, 47, 111, 110.905291, 0.0
Ag, 47, 112, 111.907005, 0.0
Ag, 47, 113, 112.906567, 0.0
Ag, 47, 114, 113.908804, 0.0
Ag, 47, 115, 114.90876, 0.0
Ag, 47, 116, 115.91136, 0.0
Ag, 47, 117, 116.91168, 0.0
Ag, 47, 118, 117.91458, 0.0
Ag, 47, 119, 118.91567, 0.0
Ag, 47, 120, 119.91879, 0.0
Ag, 47, 121, 120.91985, 0.0
Ag, 47, 122, 121.92353, 0.0
Ag, 47, 123, 122.9249, 0.0
Ag, 47, 124, 123.92864, 0.0
Ag, 47, 125, 124.93043, 0.0
Ag, 47, 126, 125.9345, 0.0
Ag, 47, 127, 126.93677, 0.0
Ag, 47, 128, 127.94117, 0.0
Ag, 47, 129, 128.94369, 0.0
Ag, 47, 130, 129.95045, 0.0
Cd, 48, 95, 94.94987, 0.0
Cd, 48, 96, 95.93977, 0.0
Cd, 48, 97, 96.93494, 0.0
Cd, 48, 98, 97.9274, 0.0
Cd, 48, 99, 98.92501, 0.0
Cd, 48, 100, 99.92029, 0.0
Cd, 48, 101, 100.91868, 0.0
Cd, 48, 102, 101.91446, 0.0
Cd, 48, 103, 102.913419, 0.0
Cd, 48, 104, 103.909849, 0.0
Cd, 48, 105, 104.909468, 0.0
Cd, 48, 106, 105.906459, 1.25
Cd, 48, 107, 106.906618, 0.0
Cd, 48, 108, 107.904184, 0.89
Cd, 48, 109, 108.904982, 0.0
Cd, 48, 110, 109.9030021, 12.49
Cd, 48, 111, 110.9041781, 12.8
Cd, 48, 112, 111.9027578, 24.13
Cd, 48, 113, 112.9044017, 12.22
Cd, 48, 114, 113.9033585, 28.73
Cd, 48, 115, 114.905431, 0.0
Cd, 48, 116, 115.904756, 7.49
Cd, 48, 117, 116.907219, 0.0
Cd, 48, 118, 117.906915, 0.0
Cd, 48, 119, 118.90992, 0.0
Cd, 48, 120, 119.90985, 0.0
Cd, 48, 121, 120.91298, 0.0
Cd, 48, 122, 121.91333, 0.0
Cd, 48, 123, 122.917, 0.0
Cd, 48, 124, 123.91765, 0.0
Cd, 48, 125, 124.92125, 0.0
Cd, 48, 126, 125.92235, 0.0
Cd, 48, 127, 126.92644, 0.0
Cd, 48, 128, 127.92776, 0.0
Cd, 48, 129, 128.93215, 0.0
Cd, 48, 130, 129.9339, 0.0
Cd, 48, 131, 130.94067, 0.0
Cd, 48, 132, 131.94555, 0.0
In, 49, 97, 96.94954, 0.0
In, 49, 98, 97.94214, 0.0
In, 49, 99, 98.93422, 0.0
In, 49, 100, 99.93111, 0.0
In, 49, 101, 100.92634, 0.0
In, 49, 102, 101.92409, 0.0
In, 49, 103, 102.919914, 0.0
In, 49, 104, 103.9183, 0.0
In, 49, 105, 104.914674, 0.0
In, 49, 106, 105.913465, 0.0
In, 49, 107, 106.910295, 0.0
In, 49, 108, 107.909698, 0.0
In, 49, 109, 108.907151, 0.0
In, 49, 110, 109.907165, 0.0
In, 49, 111, 110.905103, 0.0
In, 49, 112, 111.905532, 0.0
In, 49, 113, 112.904058, 4.29
In, 49, 114, 113.904914, 0.0
In, 49, 115, 114.903878, 95.71
In, 49, 116, 115.90526, 0.0
In, 49, 117, 116.904514, 0.0
In, 49, 118, 117.906354, 0.0
In, 49, 119, 118.905845, 0.0
In, 49, 120, 119.90796, 0.0
In, 49, 121, 120.907846, 0.0
In, 49, 122, 121.91028, 0.0
In, 49, 123, 122.910438, 0.0
In, 49, 124, 123.91318, 0.0
In, 49, 125, 124.9136, 0.0
In, 49, 126, 125.91646, 0.0
In, 49, 127, 126.91735, 0.0
In, 49, 128, 127.92017, 0.0
In, 49, 129, 128.9217, 0.0
In, 49, 130, 129.92497, 0.0
In, 49, 131, 130.92685, 0.0
In, 49, 132, 131.93299, 0.0
In, 49, 133, 132.93781, 0.0
In, 49, 134, 133.94415, 0.0
In, 49, 135, 134.94933, 0.0
Sn, 50, 99, 98.94933, 0.0
Sn, 50, 100, 99.93904, 0.0
Sn, 50, 101, 100.93606, 0.0
Sn, 50, 102, 101.9303, 0.0
Sn, 50, 103, 102.9281, 0.0
Sn, 50, 104, 103.92314, 0.0
Sn, 50, 105, 104.92135, 0.0
Sn, 50, 106, 105.91688, 0.0
Sn, 50, 107, 106.91564, 0.0
Sn, 50, 108, 107.911925, 0.0
Sn, 50, 109, 108.911283, 0.0
Sn, 50, 110, 109.907843, 0.0
Sn, 50, 111, 110.907734, 0.0
Sn, 50, 112, 111.904818, 0.97
Sn, 50, 113, 112.905171, 0.0
Sn, 50, 114, 113.902779, 0.66
Sn, 50, 115, 114.903342, 0.34
Sn, 50, 116, 115.901741, 14.54
Sn, 50, 117, 116.902952, 7.68
Sn, 50, 118, 117.901603, 24.22
Sn, 50, 119, 118.903308, 8.59
Sn, 50, 120, 119.9021947, 32.58
Sn, 50, 121, 120.9042355, 0.0
Sn, 50, 122, 121.903439, 4.63
Sn, 50, 123, 122.9057208, 0.0
Sn, 50, 124, 123.9052739, 5.79
Sn, 50, 125, 124.9077841, 0.0
Sn, 50, 126, 125.907653, 0.0
Sn, 50, 127, 126.91036, 0.0
Sn, 50, 128, 127.910537, 0.0
Sn, 50, 129, 128.91348, 0.0
Sn, 50, 130, 129.913967, 0.0
Sn, 50, 131, 130.917, 0.0
Sn, 50, 132, 131.917816, 0.0
Sn, 50, 133, 132.92383, 0.0
Sn, 50, 134, 133.92829, 0.0
Sn, 50, 135, 134.93473, 0.0
Sn, 50, 136, 135.93934, 0.0
Sn, 50, 137, 136.94599, 0.0
Sb, 51, 103, 102.93969, 0.0
Sb, 51, 104, 103.93647, 0.0
Sb, 51, 105, 104.93149, 0.0
Sb, 51, 106, 105.92879, 0.0
Sb, 51, 107, 106.92415, 0.0
Sb, 51, 108, 107.92216, 0.0
Sb, 51, 109, 108.918132, 0.0
Sb, 51, 110, 109.91675, 0.0
Sb, 51, 111, 110.91316, 0.0
Sb, 51, 112, 111.912398, 0.0
Sb, 51, 113, 112.909372, 0.0
Sb, 51, 114, 113.90927, 0.0
Sb, 51, 115, 114.906598, 0.0
Sb, 51, 116, 115.906794, 0.0
Sb, 51, 117, 116.904836, 0.0
Sb, 51, 118, 117.905529, 0.0
Sb, 51, 119, 118.903942, 0.0
Sb, 51, 120, 119.905072, 0.0
Sb, 51, 121, 120.9038157, 57.21
Sb, 51, 122, 121.9051737, 0.0
Sb, 51, 123, 122.904214, 42.79
Sb, 51, 124, 123.9059357, 0.0
Sb, 51, 125, 124.9052538, 0.0
Sb, 51, 126, 125.90725, 0.0
Sb, 51, 127, 126.906924, 0.0
Sb, 51, 128, 127.909169, 0.0
Sb, 51, 129, 128.909148, 0.0
Sb, 51, 130, 129.911656, 0.0
Sb, 51, 131, 130.911982, 0.0
Sb, 51, 132, 131.914467, 0.0
Sb, 51, 133, 132.915252, 0.0
Sb, 51, 134, 133.92038, 0.0
Sb, 51, 135, 134.92517, 0.0
Sb, 51, 136, 135.93035, 0.0
Sb, 51, 137, 136.93531, 0.0
Sb, 51, 138, 137.94079, 0.0
Sb, 51, 139, 138.94598, 0.0
Te, 52, 105, 104.94364, 0.0
Te, 52, 106, 105.9375, 0.0
Te, 52, 107, 106.93501, 0.0
Te, 52, 108, 107.92944, 0.0
Te, 52, 109, 108.92742, 0.0
Te, 52, 110, 109.92241, 0.0
Te, 52, 111, 110.92111, 0.0
Te, 52, 112, 111.91701, 0.0
Te, 52, 113, 112.91589, 0.0
Te, 52, 114, 113.91209, 0.0
Te, 52, 115, 114.9119, 0.0
Te, 52, 116, 115.90846, 0.0
Te, 52, 117, 116.908645, 0.0
Te, 52, 118, 117.905828, 0.0
Te, 52, 119, 118.906404, 0.0
Te, 52, 120, 119.90402, 0.09
Te, 52, 121, 120.904936, 0.0
Te, 52, 122, 121.9030439, 2.55
Te, 52, 123, 122.90427, 0.89
Te, 52, 124, 123.9028179, 4.74
Te, 52, 125, 124.9044307, 7.07
Te, 52, 126, 125.9033117, 18.84
Te, 52, 127, 126.9052263, 0.0
Te, 52, 128, 127.9044631, 31.74
Te, 52, 129, 128.9065982, 0.0
Te, 52, 130, 129.9062244, 34.08
Te, 52, 131, 130.9085239, 0.0
Te, 52, 132, 131.908553, 0.0
Te, 52, 133, 132.910955, 0.0
Te, 52, 134, 133.911369, 0.0
Te, 52, 135, 134.91645, 0.0
Te, 52, 136, 135.9201, 0.0
Te, 52, 137, 136.92532, 0.0
Te, 52, 138, 137.92922, 0.0
Te, 52, 139, 138.93473, 0.0
Te, 52, 140, 139.93885, 0.0
Te, 52, 141, 140.94465, 0.0
Te, 52, 142, 141.94908, 0.0
I, 53, 108, 107.94348, 0.0
I, 53, 109, 108.93815, 0.0
I, 53, 110, 109.93524, 0.0
I, 53, 111, 110.93028, 0.0
I, 53, 112, 111.92797, 0.0
I, 53, 113, 112.92364, 0.0
I, 53, 114, 113.92185, 0.0
I, 53, 115, 114.91805, 0.0
I, 53, 116, 115.91681, 0.0
I, 53, 117, 116.91365, 0.0
I, 53, 118, 117.913074, 0.0
I, 53, 119, 118.91007, 0.0
I, 53, 120, 119.910048, 0.0
I, 53, 121, 120.907367, 0.0
I, 53, 122, 121.907589, 0.0
I, 53, 123, 122.905589, 0.0
I, 53, 124, 123.9062099, 0.0
I, 53, 125, 124.9046302, 0.0
I, 53, 126, 125.905624, 0.0
I, 53, 127, 126.904473, 100.0
I, 53, 128, 127.905809, 0.0
I, 53, 129, 128.904988, 0.0
I, 53, 130, 129.906674, 0.0
I, 53, 131, 130.9061246, 0.0
I, 53, 132, 131.907997, 0.0
I, 53, 133, 132.907797, 0.0
I, 53, 134, 133.909744, 0.0
I, 53, 135, 134.910048, 0.0
I, 53, 136, 135.91465, 0.0
I, 53, 137, 136.917871, 0.0
I, 53, 138, 137.92235, 0.0
I, 53, 139, 138.9261, 0.0
I, 53, 140, 139.931, 0.0
I, 53, 141, 140.93503, 0.0
I, 53, 142, 141.94018, 0.0
I, 53, 143, 142.94456, 0.0
I, 53, 144, 143.94999, 0.0
Xe, 54, 110, 109.94428, 0.0
Xe, 54, 111, 110.9416, 0.0
Xe, 54, 112, 111.93562, 0.0
Xe, 54, 113, 112.93334, 0.0
Xe, 54, 114, 113.92798, 0.0
Xe, 54, 115, 114.926294, 0.0
Xe, 54, 116, 115.921581, 0.0
Xe, 54, 117, 116.920359, 0.0
Xe, 54, 118, 117.916179, 0.0
Xe, 54, 119, 118.915411, 0.0
Xe, 54, 120, 119.911784, 0.0
Xe, 54, 121, 120.911462, 0.0
Xe, 54, 122, 121.908368, 0.0
Xe, 54, 123, 122.908482, 0.0
Xe, 54, 124, 123.905893, 0.09
Xe, 54, 125, 124.9063955, 0.0
Xe, 54, 126, 125.904274, 0.09
Xe, 54, 127, 126.905184, 0.0
Xe, 54, 128, 127.9035313, 1.92
Xe, 54, 129, 128.9047794, 26.44
Xe, 54, 130, 129.903508, 4.08
Xe, 54, 131, 130.9050824, 21.18
Xe, 54, 132, 131.9041535, 26.89
Xe, 54, 133, 132.9059107, 0.0
Xe, 54, 134, 133.9053945, 10.44
Xe, 54, 135, 134.907227, 0.0
Xe, 54, 136, 135.907219, 8.87
Xe, 54, 137, 136.911562, 0.0
Xe, 54, 138, 137.91395, 0.0
Xe, 54, 139, 138.918793, 0.0
Xe, 54, 140, 139.92164, 0.0
Xe, 54, 141, 140.92665, 0.0
Xe, 54, 142, 141.92971, 0.0
Xe, 54, 143, 142.93511, 0.0
Xe, 54, 144, 143.93851, 0.0
Xe, 54, 145, 144.94407, 0.0
Xe, 54, 146, 145.94775, 0.0
Xe, 54, 147, 146.95356, 0.0
Cs, 55, 112, 111.9503, 0.0
Cs, 55, 113, 112.94449, 0.0
Cs, 55, 114, 113.94145, 0.0
Cs, 55, 115, 114.93591, 0.0
Cs, 55, 116, 115.93337, 0.0
Cs, 55, 117, 116.92867, 0.0
Cs, 55, 118, 117.926559, 0.0
Cs, 55, 119, 118.922377, 0.0
Cs, 55, 120, 119.920677, 0.0
Cs, 55, 121, 120.917229, 0.0
Cs, 55, 122, 121.91611, 0.0
Cs, 55, 123, 122.912996, 0.0
Cs, 55, 124, 123.912258, 0.0
Cs, 55, 125, 124.909728, 0.0
Cs, 55, 126, 125.909452, 0.0
Cs, 55, 127, 126.907418, 0.0
Cs, 55, 128, 127.907749, 0.0
Cs, 55, 129, 128.906064, 0.0
Cs, 55, 130, 129.906709, 0.0
Cs, 55, 131, 130.905464, 0.0
Cs, 55, 132, 131.9064343, 0.0
Cs, 55, 133, 132.9054519, 100.0
Cs, 55, 134, 133.9067185, 0.0
Cs, 55, 135, 134.905977, 0.0
Cs, 55, 136, 135.9073116, 0.0
Cs, 55, 137, 136.9070895, 0.0
Cs, 55, 138, 137.911017, 0.0
Cs, 55, 139, 138.913364, 0.0
Cs, 55, 140, 139.917282, 0.0
Cs, 55, 141, 140.920046, 0.0
Cs, 55, 142, 141.924299, 0.0
Cs, 55, 143, 142.927352, 0.0
Cs, 55, 144, 143.932077, 0.0
Cs, 55, 145, 144.935526, 0.0
Cs, 55, 146, 145.94029, 0.0
Cs, 55, 147, 146.94416, 0.0
Cs, 55, 148, 147.94922, 0.0
Cs, 55, 149, 148.95293, 0.0
Cs, 55, 150, 149.95817, 0.0
Cs, 55, 151, 150.96219, 0.0
Ba, 56, 114, 113.95068, 0.0
Ba, 56, 115, 114.94737, 0.0
Ba, 56, 116, 115.94138, 0.0
Ba, 56, 117, 116.9385, 0.0
Ba, 56, 118, 117.93304, 0.0
Ba, 56, 119, 118.93066, 0.0
Ba, 56, 120, 119.92604, 0.0
Ba, 56, 121, 120.92405, 0.0
Ba, 56, 122, 121.9199, 0.0
Ba, 56, 123, 122.918781, 0.0
Ba, 56, 124, 123.915094, 0.0
Ba, 56, 125, 124.914473, 0.0
Ba, 56, 126, 125.91125, 0.0
Ba, 56, 127, 126.911094, 0.0
Ba, 56, 128, 127.908318, 0.0
Ba, 56, 129, 128.908679, 0.0
Ba, 56, 130, 129.9063208, 0.106
Ba, 56, 131, 130.906941, 0.0
Ba, 56, 132, 131.9050613, 0.101
Ba, 56, 133, 132.9060075, 0.0
Ba, 56, 134, 133.9045084, 2.417
Ba, 56, 135, 134.9056886, 6.592
Ba, 56, 136, 135.9045759, 7.854
Ba, 56, 137, 136.9058274, 11.232
Ba, 56, 138, 137.9052472, 71.698
Ba, 56, 139, 138.9088413, 0.0
Ba, 56, 140, 139.910605, 0.0
Ba, 56, 141, 140.914411, 0.0
Ba, 56, 142, 141.916453, 0.0
Ba, 56, 143, 142.920627, 0.0
Ba, 56, 144, 143.922953, 0.0
Ba, 56, 145, 144.92763, 0.0
Ba, 56, 146, 145.93022, 0.0
Ba, 56, 147, 146.93495, 0.0
Ba, 56, 148, 147.93772, 0.0
Ba, 56, 149, 148.94258, 0.0
Ba, 56, 150, 149.94568, 0.0
Ba, 56, 151, 150.95081, 0.0
Ba, 56, 152, 151.95427, 0.0
Ba, 56, 153, 152.95961, 0.0
La, 57, 117, 116.95007, 0.0
La, 57, 118, 117.94673, 0.0
La, 57, 119, 118.94099, 0.0
La, 57, 120, 119.93807, 0.0
La, 57, 121, 120.93301, 0.0
La, 57, 122, 121.93071, 0.0
La, 57, 123, 122.92624, 0.0
La, 57, 124, 123.92457, 0.0
La, 57, 125, 124.920816, 0.0
La, 57, 126, 125.91951, 0.0
La, 57, 127, 126.916375, 0.0
La, 57, 128, 127.91559, 0.0
La, 57, 129, 128.912693, 0.0
La, 57, 130, 129.912369, 0.0
La, 57, 131, 130.91007, 0.0
La, 57, 132, 131.9101, 0.0
La, 57, 133, 132.90822, 0.0
La, 57, 134, 133.908514, 0.0
La, 57, 135, 134.906977, 0.0
La, 57, 136, 135.90764, 0.0
La, 57, 137, 136.906494, 0.0
La, 57, 138, 137.907112, 0.09
La, 57, 139, 138.9063533, 99.91
La, 57, 140, 139.9094776, 0.0
La, 57, 141, 140.910962, 0.0
La, 57, 142, 141.914079, 0.0
La, 57, 143, 142.916063, 0.0
La, 57, 144, 143.9196, 0.0
La, 57, 145, 144.92165, 0.0
La, 57, 146, 145.92579, 0.0
La, 57, 147, 146.92824, 0.0
La, 57, 148, 147.93223, 0.0
La, 57, 149, 148.93473, 0.0
La, 57, 150, 149.93877, 0.0
La, 57, 151, 150.94172, 0.0
La, 57, 152, 151.94625, 0.0
La, 57, 153, 152.94962, 0.0
La, 57, 154, 153.9545, 0.0
La, 57, 155, 154.95835, 0.0
Ce, 58, 119, 118.95276, 0.0
Ce, 58, 120, 119.94664, 0.0
Ce, 58, 121, 120.94342, 0.0
Ce, 58, 122, 121.93791, 0.0
Ce, 58, 123, 122.9354, 0.0
Ce, 58, 124, 123.93041, 0.0
Ce, 58, 125, 124.92844, 0.0
Ce, 58, 126, 125.92397, 0.0
Ce, 58, 127, 126.92273, 0.0
Ce, 58, 128, 127.91891, 0.0
Ce, 58, 129, 128.9181, 0.0
Ce, 58, 130, 129.91474, 0.0
Ce, 58, 131, 130.91442, 0.0
Ce, 58, 132, 131.91146, 0.0
Ce, 58, 133, 132.911515, 0.0
Ce, 58, 134, 133.908925, 0.0
Ce, 58, 135, 134.909151, 0.0
Ce, 58, 136, 135.907172, 0.185
Ce, 58, 137, 136.907806, 0.0
Ce, 58, 138, 137.905991, 0.251
Ce, 58, 139, 138.906653, 0.0
Ce, 58, 140, 139.9054387, 88.45
Ce, 58, 141, 140.9082763, 0.0
Ce, 58, 142, 141.909244, 11.114
Ce, 58, 143, 142.912386, 0.0
Ce, 58, 144, 143.913647, 0.0
Ce, 58, 145, 144.91723, 0.0
Ce, 58, 146, 145.91876, 0.0
Ce, 58, 147, 146.92267, 0.0
Ce, 58, 148, 147.92443, 0.0
Ce, 58, 149, 148.9284, 0.0
Ce, 58, 150, 149.93041, 0.0
Ce, 58, 151, 150.93398, 0.0
Ce, 58, 152, 151.93654, 0.0
Ce, 58, 153, 152.94058, 0.0
Ce, 58, 154, 153.94342, 0.0
Ce, 58, 155, 154.94804, 0.0
Ce, 58, 156, 155.95126, 0.0
Ce, 58, 157, 156.95634, 0.0
Pr, 59, 121, 120.95536, 0.0
Pr, 59, 122, 121.95181, 0.0
Pr, 59, 123, 122.94596, 0.0
Pr, 59, 124, 123.94296, 0.0
Pr, 59, 125, 124.93783, 0.0
Pr, 59, 126, 125.93531, 0.0
Pr, 59, 127, 126.93083, 0.0
Pr, 59, 128, 127.92879, 0.0
Pr, 59, 129, 128.9251, 0.0
Pr, 59, 130, 129.92359, 0.0
Pr, 59, 131, 130.92026, 0.0
Pr, 59, 132, 131.91926, 0.0
Pr, 59, 133, 132.916331, 0.0
Pr, 59, 134, 133.91571, 0.0
Pr, 59, 135, 134.913112, 0.0
Pr, 59, 136, 135.912692, 0.0
Pr, 59, 137, 136.910705, 0.0
Pr, 59, 138, 137.910755, 0.0
Pr, 59, 139, 138.908938, 0.0
Pr, 59, 140, 139.909076, 0.0
Pr, 59, 141, 140.9076528, 100.0
Pr, 59, 142, 141.9100448, 0.0
Pr, 59, 143, 142.9108169, 0.0
Pr, 59, 144, 143.913305, 0.0
Pr, 59, 145, 144.914512, 0.0
Pr, 59, 146, 145.91764, 0.0
Pr, 59, 147, 146.918996, 0.0
Pr, 59, 148, 147.922135, 0.0
Pr, 59, 149, 148.92372, 0.0
Pr, 59, 150, 149.926673, 0.0
Pr, 59, 151, 150.928319, 0.0
Pr, 59, 152, 151.9315, 0.0
Pr, 59, 153, 152.93384, 0.0
Pr, 59, 154, 153.93752, 0.0
Pr, 59, 155, 154.94012, 0.0
Pr, 59, 156, 155.94427, 0.0
Pr, 59, 157, 156.94743, 0.0
Pr, 59, 158, 157.95198, 0.0
Pr, 59, 159, 158.9555, 0.0
Nd, 60, 124, 123.95223, 0.0
Nd, 60, 125, 124.94888, 0.0
Nd, 60, 126, 125.94322, 0.0
Nd, 60, 127, 126.9405, 0.0
Nd, 60, 128, 127.93539, 0.0
Nd, 60, 129, 128.93319, 0.0
Nd, 60, 130, 129.92851, 0.0
Nd, 60, 131, 130.92725, 0.0
Nd, 60, 132, 131.923321, 0.0
Nd, 60, 133, 132.92235, 0.0
Nd, 60, 134, 133.91879, 0.0
Nd, 60, 135, 134.918181, 0.0
Nd, 60, 136, 135.914976, 0.0
Nd, 60, 137, 136.914567, 0.0
Nd, 60, 138, 137.91195, 0.0
Nd, 60, 139, 138.911978, 0.0
Nd, 60, 140, 139.90955, 0.0
Nd, 60, 141, 140.90961, 0.0
Nd, 60, 142, 141.9077233, 27.2
Nd, 60, 143, 142.9098143, 12.2
Nd, 60, 144, 143.9100873, 23.8
Nd, 60, 145, 144.9125736, 8.3
Nd, 60, 146, 145.9131169, 17.2
Nd, 60, 147, 146.9161004, 0.0
Nd, 60, 148, 147.916893, 5.7
Nd, 60, 149, 148.920149, 0.0
Nd, 60, 150, 149.920891, 5.6
Nd, 60, 151, 150.923829, 0.0
Nd, 60, 152, 151.924682, 0.0
Nd, 60, 153, 152.927698, 0.0
Nd, 60, 154, 153.92948, 0.0
Nd, 60, 155, 154.93293, 0.0
Nd, 60, 156, 155.93502, 0.0
Nd, 60, 157, 156.93903, 0.0
Nd, 60, 158, 157.9416, 0.0
Nd, 60, 159, 158.94609, 0.0
Nd, 60, 160, 159.94909, 0.0
Nd, 60, 161, 160.95388, 0.0
Pm, 61, 126, 125.95752, 0.0
Pm, 61, 127, 126.95163, 0.0
Pm, 61, 128, 127.94842, 0.0
Pm, 61, 129, 128.94316, 0.0
Pm, 61, 130, 129.94045, 0.0
Pm, 61, 131, 130.93587, 0.0
Pm, 61, 132, 131.93375, 0.0
Pm, 61, 133, 132.92978, 0.0
Pm, 61, 134, 133.92835, 0.0
Pm, 61, 135, 134.92488, 0.0
Pm, 61, 136, 135.92357, 0.0
Pm, 61, 137, 136.920479, 0.0
Pm, 61, 138, 137.919548, 0.0
Pm, 61, 139, 138.916804, 0.0
Pm, 61, 140, 139.91604, 0.0
Pm, 61, 141, 140.913555, 0.0
Pm, 61, 142, 141.912874, 0.0
Pm, 61, 143, 142.910933, 0.0
Pm, 61, 144, 143.912591, 0.0
Pm, 61, 145, 144.912749, 0.0
Pm, 61, 146, 145.914696, 0.0
Pm, 61, 147, 146.9151385, 0.0
Pm, 61, 148, 147.917475, 0.0
Pm, 61, 149, 148.918334, 0.0
Pm, 61, 150, 149.920984, 0.0
Pm, 61, 151, 150.921207, 0.0
Pm, 61, 152, 151.923497, 0.0
Pm, 61, 153, 152.924117, 0.0
Pm, 61, 154, 153.92646, 0.0
Pm, 61, 155, 154.9281, 0.0
Pm, 61, 156, 155.93106, 0.0
Pm, 61, 157, 156.93304, 0.0
Pm, 61, 158, 157.93656, 0.0
Pm, 61, 159, 158.93897, 0.0
Pm, 61, 160, 159.94299, 0.0
Pm, 61, 161, 160.94586, 0.0
Pm, 61, 162, 161.95029, 0.0
Pm, 61, 163, 162.95368, 0.0
Sm, 62, 128, 127.95808, 0.0
Sm, 62, 129, 128.95464, 0.0
Sm, 62, 130, 129.94892, 0.0
Sm, 62, 131, 130.94611, 0.0
Sm, 62, 132, 131.94069, 0.0
Sm, 62, 133, 132.93867, 0.0
Sm, 62, 134, 133.93397, 0.0
Sm, 62, 135, 134.93252, 0.0
Sm, 62, 136, 135.928276, 0.0
Sm, 62, 137, 136.92697, 0.0
Sm, 62, 138, 137.923244, 0.0
Sm, 62, 139, 138.922297, 0.0
Sm, 62, 140, 139.918995, 0.0
Sm, 62, 141, 140.918476, 0.0
Sm, 62, 142, 141.915198, 0.0
Sm, 62, 143, 142.914628, 0.0
Sm, 62, 144, 143.911999, 3.07
Sm, 62, 145, 144.91341, 0.0
Sm, 62, 146, 145.913041, 0.0
Sm, 62, 147, 146.9148979, 14.99
Sm, 62, 148, 147.9148227, 11.24
Sm, 62, 149, 148.9171847, 13.82
Sm, 62, 150, 149.9172755, 7.38
Sm, 62, 151, 150.9199324, 0.0
Sm, 62, 152, 151.9197324, 26.75
Sm, 62, 153, 152.9220974, 0.0
Sm, 62, 154, 153.9222093, 22.75
Sm, 62, 155, 154.9246402, 0.0
Sm, 62, 156, 155.925528, 0.0
Sm, 62, 157, 156.92836, 0.0
Sm, 62, 158, 157.92999, 0.0
Sm, 62, 159, 158.93321, 0.0
Sm, 62, 160, 159.93514, 0.0
Sm, 62, 161, 160.93883, 0.0
Sm, 62, 162, 161.94122, 0.0
Sm, 62, 163, 162.94536, 0.0
Sm, 62, 164, 163.94828, 0.0
Sm, 62, 165, 164.95298, 0.0
Eu, 63, 130, 129.96357, 0.0
Eu, 63, 131, 130.95775, 0.0
Eu, 63, 132, 131.95437, 0.0
Eu, 63, 133, 132.94924, 0.0
Eu, 63, 134, 133.94651, 0.0
Eu, 63, 135, 134.94182, 0.0
Eu, 63, 136, 135.9396, 0.0
Eu, 63, 137, 136.93557, 0.0
Eu, 63, 138, 137.93371, 0.0
Eu, 63, 139, 138.929792, 0.0
Eu, 63, 140, 139.92809, 0.0
Eu, 63, 141, 140.924931, 0.0
Eu, 63, 142, 141.92343, 0.0
Eu, 63, 143, 142.920298, 0.0
Eu, 63, 144, 143.918817, 0.0
Eu, 63, 145, 144.916265, 0.0
Eu, 63, 146, 145.917206, 0.0
Eu, 63, 147, 146.916746, 0.0
Eu, 63, 148, 147.918086, 0.0
Eu, 63, 149, 148.917931, 0.0
Eu, 63, 150, 149.919702, 0.0
Eu, 63, 151, 150.9198502, 47.81
Eu, 63, 152, 151.9217445, 0.0
Eu, 63, 153, 152.9212303, 52.19
Eu, 63, 154, 153.9229792, 0.0
Eu, 63, 155, 154.9228933, 0.0
Eu, 63, 156, 155.924752, 0.0
Eu, 63, 157, 156.925424, 0.0
Eu, 63, 158, 157.92785, 0.0
Eu, 63, 159, 158.929089, 0.0
Eu, 63, 160, 159.93197, 0.0
Eu, 63, 161, 160.93368, 0.0
Eu, 63, 162, 161.93704, 0.0
Eu, 63, 163, 162.93921, 0.0
Eu, 63, 164, 163.94299, 0.0
Eu, 63, 165, 164.94572, 0.0
Eu, 63, 166, 165.94997, 0.0
Eu, 63, 167, 166.95321, 0.0
Gd, 64, 134, 133.95537, 0.0
Gd, 64, 135, 134.95257, 0.0
Gd, 64, 136, 135.94734, 0.0
Gd, 64, 137, 136.94502, 0.0
Gd, 64, 138, 137.94012, 0.0
Gd, 64, 139, 138.93824, 0.0
Gd, 64, 140, 139.93367, 0.0
Gd, 64, 141, 140.932126, 0.0
Gd, 64, 142, 141.92812, 0.0
Gd, 64, 143, 142.92675, 0.0
Gd, 64, 144, 143.92296, 0.0
Gd, 64, 145, 144.921709, 0.0
Gd, 64, 146, 145.918311, 0.0
Gd, 64, 147, 146.919094, 0.0
Gd, 64, 148, 147.918115, 0.0
Gd, 64, 149, 148.919341, 0.0
Gd, 64, 150, 149.918659, 0.0
Gd, 64, 151, 150.920348, 0.0
Gd, 64, 152, 151.919791, 0.2
Gd, 64, 153, 152.9217495, 0.0
Gd, 64, 154, 153.9208656, 2.18
Gd, 64, 155, 154.922622, 14.8
Gd, 64, 156, 155.9221227, 20.47
Gd, 64, 157, 156.9239601, 15.65
Gd, 64, 158, 157.9241039, 24.84
Gd, 64, 159, 158.9263887, 0.0
Gd, 64, 160, 159.9270541, 21.86
Gd, 64, 161, 160.9296692, 0.0
Gd, 64, 162, 161.930985, 0.0
Gd, 64, 163, 162.93399, 0.0
Gd, 64, 164, 163.93586, 0.0
Gd, 64, 165, 164.93938, 0.0
Gd, 64, 166, 165.9416, 0.0
Gd, 64, 167, 166.94557, 0.0
Gd, 64, 168, 167.94836, 0.0
Gd, 64, 169, 168.95287, 0.0
Tb, 65, 136, 135.96138, 0.0
Tb, 65, 137, 136.95598, 0.0
Tb, 65, 138, 137.95316, 0.0
Tb, 65, 139, 138.94829, 0.0
Tb, 65, 140, 139.94581, 0.0
Tb, 65, 141, 140.94145, 0.0
Tb, 65, 142, 141.93874, 0.0
Tb, 65, 143, 142.93512, 0.0
Tb, 65, 144, 143.93305, 0.0
Tb, 65, 145, 144.92927, 0.0
Tb, 65, 146, 145.92725, 0.0
Tb, 65, 147, 146.924045, 0.0
Tb, 65, 148, 147.924272, 0.0
Tb, 65, 149, 148.923246, 0.0
Tb, 65, 150, 149.92366, 0.0
Tb, 65, 151, 150.923103, 0.0
Tb, 65, 152, 151.92407, 0.0
Tb, 65, 153, 152.923435, 0.0
Tb, 65, 154, 153.92468, 0.0
Tb, 65, 155, 154.923505, 0.0
Tb, 65, 156, 155.924747, 0.0
Tb, 65, 157, 156.9240246, 0.0
Tb, 65, 158, 157.9254131, 0.0
Tb, 65, 159, 158.9253468, 100.0
Tb, 65, 160, 159.9271676, 0.0
Tb, 65, 161, 160.9275699, 0.0
Tb, 65, 162, 161.92949, 0.0
Tb, 65, 163, 162.930648, 0.0
Tb, 65, 164, 163.93335, 0.0
Tb, 65, 165, 164.93488, 0.0
Tb, 65, 166, 165.93799, 0.0
Tb, 65, 167, 166.94005, 0.0
Tb, 65, 168, 167.94364, 0.0
Tb, 65, 169, 168.94622, 0.0
Tb, 65, 170, 169.95025, 0.0
Tb, 65, 171, 170.9533, 0.0
Dy, 66, 138, 137.96249, 0.0
Dy, 66, 139, 138.95954, 0.0
Dy, 66, 140, 139.95401, 0.0
Dy, 66, 141, 140.95135, 0.0
Dy, 66, 142, 141.94637, 0.0
Dy, 66, 143, 142.94383, 0.0
Dy, 66, 144, 143.93925, 0.0
Dy, 66, 145, 144.93743, 0.0
Dy, 66, 146, 145.932845, 0.0
Dy, 66, 147, 146.931092, 0.0
Dy, 66, 148, 147.92715, 0.0
Dy, 66, 149, 148.927305, 0.0
Dy, 66, 150, 149.925585, 0.0
Dy, 66, 151, 150.926185, 0.0
Dy, 66, 152, 151.924718, 0.0
Dy, 66, 153, 152.925765, 0.0
Dy, 66, 154, 153.924424, 0.0
Dy, 66, 155, 154.925754, 0.0
Dy, 66, 156, 155.924283, 0.06
Dy, 66, 157, 156.925466, 0.0
Dy, 66, 158, 157.924409, 0.1
Dy, 66, 159, 158.9257392, 0.0
Dy, 66, 160, 159.9251975, 2.34
Dy, 66, 161, 160.9269334, 18.91
Dy, 66, 162, 161.9267984, 25.51
Dy, 66, 163, 162.9287312, 24.9
Dy, 66, 164, 163.9291748, 28.18
Dy, 66, 165, 164.9317033, 0.0
Dy, 66, 166, 165.9328067, 0.0
Dy, 66, 167, 166.93566, 0.0
Dy, 66, 168, 167.93713, 0.0
Dy, 66, 169, 168.94031, 0.0
Dy, 66, 170, 169.94239, 0.0
Dy, 66, 171, 170.9462, 0.0
Dy, 66, 172, 171.94876, 0.0
Dy, 66, 173, 172.953, 0.0
Ho, 67, 140, 139.96854, 0.0
Ho, 67, 141, 140.9631, 0.0
Ho, 67, 142, 141.95977, 0.0
Ho, 67, 143, 142.95461, 0.0
Ho, 67, 144, 143.95148, 0.0
Ho, 67, 145, 144.9472, 0.0
Ho, 67, 146, 145.94464, 0.0
Ho, 67, 147, 146.94006, 0.0
Ho, 67, 148, 147.93772, 0.0
Ho, 67, 149, 148.933775, 0.0
Ho, 67, 150, 149.933496, 0.0
Ho, 67, 151, 150.931688, 0.0
Ho, 67, 152, 151.931714, 0.0
Ho, 67, 153, 152.930199, 0.0
Ho, 67, 154, 153.930602, 0.0
Ho, 67, 155, 154.929103, 0.0
Ho, 67, 156, 155.92984, 0.0
Ho, 67, 157, 156.928256, 0.0
Ho, 67, 158, 157.928941, 0.0
Ho, 67, 159, 158.927712, 0.0
Ho, 67, 160, 159.928729, 0.0
Ho, 67, 161, 160.927855, 0.0
Ho, 67, 162, 161.929096, 0.0
Ho, 67, 163, 162.9287339, 0.0
Ho, 67, 164, 163.9302335, 0.0
Ho, 67, 165, 164.9303221, 100.0
Ho, 67, 166, 165.9322842, 0.0
Ho, 67, 167, 166.933133, 0.0
Ho, 67, 168, 167.93552, 0.0
Ho, 67, 169, 168.936872, 0.0
Ho, 67, 170, 169.93962, 0.0
Ho, 67, 171, 170.94147, 0.0
Ho, 67, 172, 171.94482, 0.0
Ho, 67, 173, 172.94729, 0.0
Ho, 67, 174, 173.95115, 0.0
Ho, 67, 175, 174.95405, 0.0
Er, 68, 143, 142.96634, 0.0
Er, 68, 144, 143.96038, 0.0
Er, 68, 145, 144.95739, 0.0
Er, 68, 146, 145.952, 0.0
Er, 68, 147, 146.94949, 0.0
Er, 68, 148, 147.94455, 0.0
Er, 68, 149, 148.94231, 0.0
Er, 68, 150, 149.937914, 0.0
Er, 68, 151, 150.937449, 0.0
Er, 68, 152, 151.93505, 0.0
Er, 68, 153, 152.935063, 0.0
Er, 68, 154, 153.932783, 0.0
Er, 68, 155, 154.933209, 0.0
Er, 68, 156, 155.931065, 0.0
Er, 68, 157, 156.93192, 0.0
Er, 68, 158, 157.929893, 0.0
Er, 68, 159, 158.930684, 0.0
Er, 68, 160, 159.929083, 0.0
Er, 68, 161, 160.929995, 0.0
Er, 68, 162, 161.928778, 0.14
Er, 68, 163, 162.930033, 0.0
Er, 68, 164, 163.9292, 1.61
Er, 68, 165, 164.930726, 0.0
Er, 68, 166, 165.9302931, 33.61
Er, 68, 167, 166.9320482, 22.93
Er, 68, 168, 167.9323702, 26.78
Er, 68, 169, 168.9345904, 0.0
Er, 68, 170, 169.9354643, 14.93
Er, 68, 171, 170.9380298, 0.0
Er, 68, 172, 171.939356, 0.0
Er, 68, 173, 172.9424, 0.0
Er, 68, 174, 173.94423, 0.0
Er, 68, 175, 174.94777, 0.0
Er, 68, 176, 175.95008, 0.0
Er, 68, 177, 176.95405, 0.0
Tm, 69, 145, 144.97007, 0.0
Tm, 69, 146, 145.96643, 0.0
Tm, 69, 147, 146.96096, 0.0
Tm, 69, 148, 147.95784, 0.0
Tm, 69, 149, 148.95272, 0.0
Tm, 69, 150, 149.94996, 0.0
Tm, 69, 151, 150.945483, 0.0
Tm, 69, 152, 151.94442, 0.0
Tm, 69, 153, 152.942012, 0.0
Tm, 69, 154, 153.941568, 0.0
Tm, 69, 155, 154.939199, 0.0
Tm, 69, 156, 155.93898, 0.0
Tm, 69, 157, 156.93697, 0.0
Tm, 69, 158, 157.93698, 0.0
Tm, 69, 159, 158.93498, 0.0
Tm, 69, 160, 159.93526, 0.0
Tm, 69, 161, 160.93355, 0.0
Tm, 69, 162, 161.933995, 0.0
Tm, 69, 163, 162.932651, 0.0
Tm, 69, 164, 163.93356, 0.0
Tm, 69, 165, 164.932435, 0.0
Tm, 69, 166, 165.933554, 0.0
Tm, 69, 167, 166.9328516, 0.0
Tm, 69, 168, 167.934173, 0.0
Tm, 69, 169, 168.9342133, 100.0
Tm, 69, 170, 169.9358014, 0.0
Tm, 69, 171, 170.9364294, 0.0
Tm, 69, 172, 171.9384, 0.0
Tm, 69, 173, 172.939604, 0.0
Tm, 69, 174, 173.94217, 0.0
Tm, 69, 175, 174.94384, 0.0
Tm, 69, 176, 175.94699, 0.0
Tm, 69, 177, 176.94904, 0.0
Tm, 69, 178, 177.95264, 0.0
Tm, 69, 179, 178.95534, 0.0
Yb, 70, 148, 147.96742, 0.0
Yb, 70, 149, 148.96404, 0.0
Yb, 70, 150, 149.95842, 0.0
Yb, 70, 151, 150.9554, 0.0
Yb, 70, 152, 151.95029, 0.0
Yb, 70, 153, 152.94948, 0.0
Yb, 70, 154, 153.946394, 0.0
Yb, 70, 155, 154.945782, 0.0
Yb, 70, 156, 155.942818, 0.0
Yb, 70, 157, 156.942628, 0.0
Yb, 70, 158, 157.939866, 0.0
Yb, 70, 159, 158.94005, 0.0
Yb, 70, 160, 159.937552, 0.0
Yb, 70, 161, 160.937902, 0.0
Yb, 70, 162, 161.935768, 0.0
Yb, 70, 163, 162.936334, 0.0
Yb, 70, 164, 163.934489, 0.0
Yb, 70, 165, 164.93528, 0.0
Yb, 70, 166, 165.933882, 0.0
Yb, 70, 167, 166.93495, 0.0
Yb, 70, 168, 167.933897, 0.13
Yb, 70, 169, 168.93519, 0.0
Yb, 70, 170, 169.9347618, 3.04
Yb, 70, 171, 170.9363258, 14.28
Yb, 70, 172, 171.9363815, 21.83
Yb, 70, 173, 172.9382108, 16.13
Yb, 70, 174, 173.9388621, 31.83
Yb, 70, 175, 174.9412765, 0.0
Yb, 70, 176, 175.9425717, 12.76
Yb, 70, 177, 176.9452608, 0.0
Yb, 70, 178, 177.946647, 0.0
Yb, 70, 179, 178.95017, 0.0
Yb, 70, 180, 179.95233, 0.0
Yb, 70, 181, 180.95615, 0.0
Lu, 71, 150, 149.97323, 0.0
Lu, 71, 151, 150.96758, 0.0
Lu, 71, 152, 151.96412, 0.0
Lu, 71, 153, 152.95877, 0.0
Lu, 71, 154, 153.95752, 0.0
Lu, 71, 155, 154.954316, 0.0
Lu, 71, 156, 155.95303, 0.0
Lu, 71, 157, 156.950098, 0.0
Lu, 71, 158, 157.949313, 0.0
Lu, 71, 159, 158.94663, 0.0
Lu, 71, 160, 159.94603, 0.0
Lu, 71, 161, 160.94357, 0.0
Lu, 71, 162, 161.94328, 0.0
Lu, 71, 163, 162.94118, 0.0
Lu, 71, 164, 163.94134, 0.0
Lu, 71, 165, 164.939407, 0.0
Lu, 71, 166, 165.93986, 0.0
Lu, 71, 167, 166.93827, 0.0
Lu, 71, 168, 167.93874, 0.0
Lu, 71, 169, 168.937651, 0.0
Lu, 71, 170, 169.938475, 0.0
Lu, 71, 171, 170.9379131, 0.0
Lu, 71, 172, 171.939086, 0.0
Lu, 71, 173, 172.9389306, 0.0
Lu, 71, 174, 173.9403375, 0.0
Lu, 71, 175, 174.9407718, 97.41
Lu, 71, 176, 175.9426863, 2.59
Lu, 71, 177, 176.9437581, 0.0
Lu, 71, 178, 177.945955, 0.0
Lu, 71, 179, 178.947327, 0.0
Lu, 71, 180, 179.94988, 0.0
Lu, 71, 181, 180.95197, 0.0
Lu, 71, 182, 181.95504, 0.0
Lu, 71, 183, 182.95757, 0.0
Lu, 71, 184, 183.96091, 0.0
Hf, 72, 153, 152.97069, 0.0
Hf, 72, 154, 153.96486, 0.0
Hf, 72, 155, 154.96339, 0.0
Hf, 72, 156, 155.95936, 0.0
Hf, 72, 157, 156.9584, 0.0
Hf, 72, 158, 157.954799, 0.0
Hf, 72, 159, 158.953995, 0.0
Hf, 72, 160, 159.950684, 0.0
Hf, 72, 161, 160.950275, 0.0
Hf, 72, 162, 161.94721, 0.0
Hf, 72, 163, 162.94709, 0.0
Hf, 72, 164, 163.944367, 0.0
Hf, 72, 165, 164.94457, 0.0
Hf, 72, 166, 165.94218, 0.0
Hf, 72, 167, 166.9426, 0.0
Hf, 72, 168, 167.94057, 0.0
Hf, 72, 169, 168.94126, 0.0
Hf, 72, 170, 169.93961, 0.0
Hf, 72, 171, 170.94049, 0.0
Hf, 72, 172, 171.939448, 0.0
Hf, 72, 173, 172.94051, 0.0
Hf, 72, 174, 173.940046, 0.16
Hf, 72, 175, 174.941509, 0.0
Hf, 72, 176, 175.9414086, 5.26
Hf, 72, 177, 176.9432207, 18.6
Hf, 72, 178, 177.9436988, 27.28
Hf, 72, 179, 178.9458161, 13.62
Hf, 72, 180, 179.94655, 35.08
Hf, 72, 181, 180.9491012, 0.0
Hf, 72, 182, 181.950554, 0.0
Hf, 72, 183, 182.95353, 0.0
Hf, 72, 184, 183.95545, 0.0
Hf, 72, 185, 184.95882, 0.0
Hf, 72, 186, 185.96089, 0.0
Hf, 72, 187, 186.96459, 0.0
Hf, 72, 188, 187.96685, 0.0
Ta, 73, 155, 154.97459, 0.0
Ta, 73, 156, 155.9723, 0.0
Ta, 73, 157, 156.96819, 0.0
Ta, 73, 158, 157.9667, 0.0
Ta, 73, 159, 158.963018, 0.0
Ta, 73, 160, 159.96149, 0.0
Ta, 73, 161, 160.95842, 0.0
Ta, 73, 162, 161.95729, 0.0
Ta, 73, 163, 162.95433, 0.0
Ta, 73, 164, 163.95353, 0.0
Ta, 73, 165, 164.950773, 0.0
Ta, 73, 166, 165.95051, 0.0
Ta, 73, 167, 166.94809, 0.0
Ta, 73, 168, 167.94805, 0.0
Ta, 73, 169, 168.94601, 0.0
Ta, 73, 170, 169.94618, 0.0
Ta, 73, 171, 170.94448, 0.0
Ta, 73, 172, 171.9449, 0.0
Ta, 73, 173, 172.94375, 0.0
Ta, 73, 174, 173.94445, 0.0
Ta, 73, 175, 174.94374, 0.0
Ta, 73, 176, 175.94486, 0.0
Ta, 73, 177, 176.944472, 0.0
Ta, 73, 178, 177.945778, 0.0
Ta, 73, 179, 178.9459295, 0.0
Ta, 73, 180, 179.9474648, 0.012
Ta, 73, 181, 180.9479958, 99.988
Ta, 73, 182, 181.9501518, 0.0
Ta, 73, 183, 182.9513726, 0.0
Ta, 73, 184, 183.954008, 0.0
Ta, 73, 185, 184.955559, 0.0
Ta, 73, 186, 185.95855, 0.0
Ta, 73, 187, 186.96053, 0.0
Ta, 73, 188, 187.9637, 0.0
Ta, 73, 189, 188.96583, 0.0
Ta, 73, 190, 189.96923, 0.0
W, 74, 158, 157.97456, 0.0
W, 74, 159, 158.97292, 0.0
W, 74, 160, 159.96848, 0.0
W, 74, 161, 160.96736, 0.0
W, 74, 162, 161.963497, 0.0
W, 74, 163, 162.96252, 0.0
W, 74, 164, 163.958954, 0.0
W, 74, 165, 164.95828, 0.0
W, 74, 166, 165.955027, 0.0
W, 74, 167, 166.954816, 0.0
W, 74, 168, 167.951808, 0.0
W, 74, 169, 168.951779, 0.0
W, 74, 170, 169.949228, 0.0
W, 74, 171, 170.94945, 0.0
W, 74, 172, 171.94729, 0.0
W, 74, 173, 172.94769, 0.0
W, 74, 174, 173.94608, 0.0
W, 74, 175, 174.94672, 0.0
W, 74, 176, 175.94563, 0.0
W, 74, 177, 176.94664, 0.0
W, 74, 178, 177.945876, 0.0
W, 74, 179, 178.94707, 0.0
W, 74, 180, 179.946704, 0.12
W, 74, 181, 180.948197, 0.0
W, 74, 182, 181.9482042, 26.5
W, 74, 183, 182.950223, 14.31
W, 74, 184, 183.9509312, 30.64
W, 74, 185, 184.9534193, 0.0
W, 74, 186, 185.9543641, 28.43
W, 74, 187, 186.9571605, 0.0
W, 74, 188, 187.958489, 0.0
W, 74, 189, 188.96191, 0.0
W, 74, 190, 189.96318, 0.0
W, 74, 191, 190.9666, 0.0
W, 74, 192, 191.96817, 0.0
Re, 75, 160, 159.98212, 0.0
Re, 75, 161, 160.97759, 0.0
Re, 75, 162, 161.976, 0.0
Re, 75, 163, 162.972081, 0.0
Re, 75, 164, 163.97032, 0.0
Re, 75, 165, 164.967089, 0.0
Re, 75, 166, 165.96581, 0.0
Re, 75, 167, 166.9626, 0.0
Re, 75, 168, 167.96157, 0.0
Re, 75, 169, 168.95879, 0.0
Re, 75, 170, 169.95822, 0.0
Re, 75, 171, 170.95572, 0.0
Re, 75, 172, 171.95542, 0.0
Re, 75, 173, 172.95324, 0.0
Re, 75, 174, 173.95312, 0.0
Re, 75, 175, 174.95138, 0.0
Re, 75, 176, 175.95162, 0.0
Re, 75, 177, 176.95033, 0.0
Re, 75, 178, 177.95099, 0.0
Re, 75, 179, 178.949988, 0.0
Re, 75, 180, 179.950789, 0.0
Re, 75, 181, 180.950068, 0.0
Re, 75, 182, 181.95121, 0.0
Re, 75, 183, 182.95082, 0.0
Re, 75, 184, 183.952521, 0.0
Re, 75, 185, 184.952955, 37.4
Re, 75, 186, 185.9549861, 0.0
Re, 75, 187, 186.9557531, 62.6
Re, 75, 188, 187.9581144, 0.0
Re, 75, 189, 188.959229, 0.0
Re, 75, 190, 189.96182, 0.0
Re, 75, 191, 190.963125, 0.0
Re, 75, 192, 191.96596, 0.0
Re, 75, 193, 192.96747, 0.0
Re, 75, 194, 193.97042, 0.0
Os, 76, 162, 161.98443, 0.0
Os, 76, 163, 162.98269, 0.0
Os, 76, 164, 163.97804, 0.0
Os, 76, 165, 164.97676, 0.0
Os, 76, 166, 165.972691, 0.0
Os, 76, 167, 166.97155, 0.0
Os, 76, 168, 167.967804, 0.0
Os, 76, 169, 168.967019, 0.0
Os, 76, 170, 169.963577, 0.0
Os, 76, 171, 170.963185, 0.0
Os, 76, 172, 171.960023, 0.0
Os, 76, 173, 172.959808, 0.0
Os, 76, 174, 173.957062, 0.0
Os, 76, 175, 174.956946, 0.0
Os, 76, 176, 175.95481, 0.0
Os, 76, 177, 176.954965, 0.0
Os, 76, 178, 177.953251, 0.0
Os, 76, 179, 178.953816, 0.0
Os, 76, 180, 179.952379, 0.0
Os, 76, 181, 180.95324, 0.0
Os, 76, 182, 181.95211, 0.0
Os, 76, 183, 182.95313, 0.0
Os, 76, 184, 183.9524891, 0.02
Os, 76, 185, 184.9540423, 0.0
Os, 76, 186, 185.9538382, 1.59
Os, 76, 187, 186.9557505, 1.96
Os, 76, 188, 187.9558382, 13.24
Os, 76, 189, 188.9581475, 16.15
Os, 76, 190, 189.958447, 26.26
Os, 76, 191, 190.9609297, 0.0
Os, 76, 192, 191.9614807, 40.78
Os, 76, 193, 192.9641516, 0.0
Os, 76, 194, 193.9651821, 0.0
Os, 76, 195, 194.96813, 0.0
Os, 76, 196, 195.96964, 0.0
Ir, 77, 164, 163.9922, 0.0
Ir, 77, 165, 164.98752, 0.0
Ir, 77, 166, 165.98582, 0.0
Ir, 77, 167, 166.981665, 0.0
Ir, 77, 168, 167.97988, 0.0
Ir, 77, 169, 168.976295, 0.0
Ir, 77, 170, 169.97497, 0.0
Ir, 77, 171, 170.97163, 0.0
Ir, 77, 172, 171.97046, 0.0
Ir, 77, 173, 172.967502, 0.0
Ir, 77, 174, 173.966861, 0.0
Ir, 77, 175, 174.964113, 0.0
Ir, 77, 176, 175.963649, 0.0
Ir, 77, 177, 176.961302, 0.0
Ir, 77, 178, 177.961082, 0.0
Ir, 77, 179, 178.959122, 0.0
Ir, 77, 180, 179.959229, 0.0
Ir, 77, 181, 180.957625, 0.0
Ir, 77, 182, 181.958076, 0.0
Ir, 77, 183, 182.956846, 0.0
Ir, 77, 184, 183.95748, 0.0
Ir, 77, 185, 184.9567, 0.0
Ir, 77, 186, 185.957946, 0.0
Ir, 77, 187, 186.957363, 0.0
Ir, 77, 188, 187.958853, 0.0
Ir, 77, 189, 188.958719, 0.0
Ir, 77, 190, 189.960546, 0.0
Ir, 77, 191, 190.960594, 37.3
Ir, 77, 192, 191.962605, 0.0
Ir, 77, 193, 192.9629264, 62.7
Ir, 77, 194, 193.9650784, 0.0
Ir, 77, 195, 194.9659796, 0.0
Ir, 77, 196, 195.9684, 0.0
Ir, 77, 197, 196.969653, 0.0
Ir, 77, 198, 197.97228, 0.0
Ir, 77, 199, 198.9738, 0.0
Pt, 78, 166, 165.99486, 0.0
Pt, 78, 167, 166.99298, 0.0
Pt, 78, 168, 167.98815, 0.0
Pt, 78, 169, 168.98672, 0.0
Pt, 78, 170, 169.982495, 0.0
Pt, 78, 171, 170.98124, 0.0
Pt, 78, 172, 171.977347, 0.0
Pt, 78, 173, 172.97644, 0.0
Pt, 78, 174, 173.972819, 0.0
Pt, 78, 175, 174.972421, 0.0
Pt, 78, 176, 175.968945, 0.0
Pt, 78, 177, 176.968469, 0.0
Pt, 78, 178, 177.965649, 0.0
Pt, 78, 179, 178.965363, 0.0
Pt, 78, 180, 179.963031, 0.0
Pt, 78, 181, 180.963097, 0.0
Pt, 78, 182, 181.961171, 0.0
Pt, 78, 183, 182.961597, 0.0
Pt, 78, 184, 183.959922, 0.0
Pt, 78, 185, 184.96062, 0.0
Pt, 78, 186, 185.959351, 0.0
Pt, 78, 187, 186.96059, 0.0
Pt, 78, 188, 187.959395, 0.0
Pt, 78, 189, 188.960834, 0.0
Pt, 78, 190, 189.959932, 0.014
Pt, 78, 191, 190.961677, 0.0
Pt, 78, 192, 191.961038, 0.782
Pt, 78, 193, 192.9629874, 0.0
Pt, 78, 194, 193.9626803, 32.967
Pt, 78, 195, 194.9647911, 33.832
Pt, 78, 196, 195.9649515, 25.242
Pt, 78, 197, 196.9673402, 0.0
Pt, 78, 198, 197.967893, 7.163
Pt, 78, 199, 198.970593, 0.0
Pt, 78, 200, 199.971441, 0.0
Pt, 78, 201, 200.97451, 0.0
Pt, 78, 202, 201.97574, 0.0
Au, 79, 169, 168.99808, 0.0
Au, 79, 170, 169.99612, 0.0
Au, 79, 171, 170.991879, 0.0
Au, 79, 172, 171.99004, 0.0
Au, 79, 173, 172.986237, 0.0
Au, 79, 174, 173.98476, 0.0
Au, 79, 175, 174.98127, 0.0
Au, 79, 176, 175.9801, 0.0
Au, 79, 177, 176.976865, 0.0
Au, 79, 178, 177.97603, 0.0
Au, 79, 179, 178.973213, 0.0
Au, 79, 180, 179.972521, 0.0
Au, 79, 181, 180.970079, 0.0
Au, 79, 182, 181.969618, 0.0
Au, 79, 183, 182.967593, 0.0
Au, 79, 184, 183.967452, 0.0
Au, 79, 185, 184.965789, 0.0
Au, 79, 186, 185.965953, 0.0
Au, 79, 187, 186.964568, 0.0
Au, 79, 188, 187.965324, 0.0
Au, 79, 189, 188.963948, 0.0
Au, 79, 190, 189.9647, 0.0
Au, 79, 191, 190.9637, 0.0
Au, 79, 192, 191.964813, 0.0
Au, 79, 193, 192.96415, 0.0
Au, 79, 194, 193.965365, 0.0
Au, 79, 195, 194.9650346, 0.0
Au, 79, 196, 195.96657, 0.0
Au, 79, 197, 196.9665687, 100.0
Au, 79, 198, 197.9682423, 0.0
Au, 79, 199, 198.9687652, 0.0
Au, 79, 200, 199.97073, 0.0
Au, 79, 201, 200.971657, 0.0
Au, 79, 202, 201.97381, 0.0
Au, 79, 203, 202.975155, 0.0
Au, 79, 204, 203.97772, 0.0
Au, 79, 205, 204.97987, 0.0
Hg, 80, 171, 171.00376, 0.0
Hg, 80, 172, 171.99883, 0.0
Hg, 80, 173, 172.99724, 0.0
Hg, 80, 174, 173.992864, 0.0
Hg, 80, 175, 174.99142, 0.0
Hg, 80, 176, 175.987355, 0.0
Hg, 80, 177, 176.98628, 0.0
Hg, 80, 178, 177.982483, 0.0
Hg, 80, 179, 178.981834, 0.0
Hg, 80, 180, 179.978266, 0.0
Hg, 80, 181, 180.977819, 0.0
Hg, 80, 182, 181.97469, 0.0
Hg, 80, 183, 182.97445, 0.0
Hg, 80, 184, 183.971713, 0.0
Hg, 80, 185, 184.971899, 0.0
Hg, 80, 186, 185.969362, 0.0
Hg, 80, 187, 186.969814, 0.0
Hg, 80, 188, 187.967577, 0.0
Hg, 80, 189, 188.96819, 0.0
Hg, 80, 190, 189.966322, 0.0
Hg, 80, 191, 190.967157, 0.0
Hg, 80, 192, 191.965634, 0.0
Hg, 80, 193, 192.966665, 0.0
Hg, 80, 194, 193.965439, 0.0
Hg, 80, 195, 194.96672, 0.0
Hg, 80, 196, 195.965833, 0.15
Hg, 80, 197, 196.967213, 0.0
Hg, 80, 198, 197.966769, 9.97
Hg, 80, 199, 198.9682799, 16.87
Hg, 80, 200, 199.968326, 23.1
Hg, 80, 201, 200.9703023, 13.18
Hg, 80, 202, 201.970643, 29.86
Hg, 80, 203, 202.9728725, 0.0
Hg, 80, 204, 203.9734939, 6.87
Hg, 80, 205, 204.976073, 0.0
Hg, 80, 206, 205.977514, 0.0
Hg, 80, 207, 206.98259, 0.0
Hg, 80, 208, 207.98594, 0.0
Hg, 80, 209, 208.99104, 0.0
Hg, 80, 210, 209.99451, 0.0
Tl, 81, 176, 176.00059, 0.0
Tl, 81, 177, 176.996427, 0.0
Tl, 81, 178, 177.9949, 0.0
Tl, 81, 179, 178.99109, 0.0
Tl, 81, 180, 179.98991, 0.0
Tl, 81, 181, 180.986257, 0.0
Tl, 81, 182, 181.98567, 0.0
Tl, 81, 183, 182.982193, 0.0
Tl, 81, 184, 183.98187, 0.0
Tl, 81, 185, 184.97879, 0.0
Tl, 81, 186, 185.97833, 0.0
Tl, 81, 187, 186.975906, 0.0
Tl, 81, 188, 187.97601, 0.0
Tl, 81, 189, 188.973588, 0.0
Tl, 81, 190, 189.97388, 0.0
Tl, 81, 191, 190.971786, 0.0
Tl, 81, 192, 191.97223, 0.0
Tl, 81, 193, 192.97067, 0.0
Tl, 81, 194, 193.9712, 0.0
Tl, 81, 195, 194.969774, 0.0
Tl, 81, 196, 195.970481, 0.0
Tl, 81, 197, 196.969575, 0.0
Tl, 81, 198, 197.97048, 0.0
Tl, 81, 199, 198.96988, 0.0
Tl, 81, 200, 199.970963, 0.0
Tl, 81, 201, 200.970819, 0.0
Tl, 81, 202, 201.972106, 0.0
Tl, 81, 203, 202.9723442, 29.524
Tl, 81, 204, 203.9738635, 0.0
Tl, 81, 205, 204.9744275, 70.476
Tl, 81, 206, 205.9761103, 0.0
Tl, 81, 207, 206.977419, 0.0
Tl, 81, 208, 207.9820187, 0.0
Tl, 81, 209, 208.985359, 0.0
Tl, 81, 210, 209.990074, 0.0
Tl, 81, 211, 210.99348, 0.0
Tl, 81, 212, 211.99823, 0.0
Pb, 82, 178, 178.00383, 0.0
Pb, 82, 179, 179.00215, 0.0
Pb, 82, 180, 179.997918, 0.0
Pb, 82, 181, 180.99662, 0.0
Pb, 82, 182, 181.992672, 0.0
Pb, 82, 183, 182.99187, 0.0
Pb, 82, 184, 183.988142, 0.0
Pb, 82, 185, 184.98761, 0.0
Pb, 82, 186, 185.984239, 0.0
Pb, 82, 187, 186.983918, 0.0
Pb, 82, 188, 187.980874, 0.0
Pb, 82, 189, 188.98081, 0.0
Pb, 82, 190, 189.978082, 0.0
Pb, 82, 191, 190.97827, 0.0
Pb, 82, 192, 191.975785, 0.0
Pb, 82, 193, 192.97617, 0.0
Pb, 82, 194, 193.974012, 0.0
Pb, 82, 195, 194.974542, 0.0
Pb, 82, 196, 195.972774, 0.0
Pb, 82, 197, 196.973431, 0.0
Pb, 82, 198, 197.972034, 0.0
Pb, 82, 199, 198.972917, 0.0
Pb, 82, 200, 199.971827, 0.0
Pb, 82, 201, 200.972885, 0.0
Pb, 82, 202, 201.972159, 0.0
Pb, 82, 203, 202.973391, 0.0
Pb, 82, 204, 203.9730436, 1.4
Pb, 82, 205, 204.9744818, 0.0
Pb, 82, 206, 205.9744653, 24.1
Pb, 82, 207, 206.9758969, 22.1
Pb, 82, 208, 207.9766521, 52.4
Pb, 82, 209, 208.9810901, 0.0
Pb, 82, 210, 209.9841885, 0.0
Pb, 82, 211, 210.988737, 0.0
Pb, 82, 212, 211.9918975, 0.0
Pb, 82, 213, 212.996581, 0.0
Pb, 82, 214, 213.9998054, 0.0
Pb, 82, 215, 215.00481, 0.0
Bi, 83, 184, 184.00112, 0.0
Bi, 83, 185, 184.99763, 0.0
Bi, 83, 186, 185.9966, 0.0
Bi, 83, 187, 186.993158, 0.0
Bi, 83, 188, 187.99227, 0.0
Bi, 83, 189, 188.9892, 0.0
Bi, 83, 190, 189.9883, 0.0
Bi, 83, 191, 190.985786, 0.0
Bi, 83, 192, 191.98546, 0.0
Bi, 83, 193, 192.98296, 0.0
Bi, 83, 194, 193.98283, 0.0
Bi, 83, 195, 194.980651, 0.0
Bi, 83, 196, 195.980667, 0.0
Bi, 83, 197, 196.978864, 0.0
Bi, 83, 198, 197.97921, 0.0
Bi, 83, 199, 198.977672, 0.0
Bi, 83, 200, 199.978132, 0.0
Bi, 83, 201, 200.977009, 0.0
Bi, 83, 202, 201.977742, 0.0
Bi, 83, 203, 202.976876, 0.0
Bi, 83, 204, 203.977813, 0.0
Bi, 83, 205, 204.977389, 0.0
Bi, 83, 206, 205.978499, 0.0
Bi, 83, 207, 206.9784707, 0.0
Bi, 83, 208, 207.9797422, 0.0
Bi, 83, 209, 208.9803987, 100.0
Bi, 83, 210, 209.9841204, 0.0
Bi, 83, 211, 210.987269, 0.0
Bi, 83, 212, 211.9912857, 0.0
Bi, 83, 213, 212.994385, 0.0
Bi, 83, 214, 213.998712, 0.0
Bi, 83, 215, 215.00177, 0.0
Bi, 83, 216, 216.006306, 0.0
Bi, 83, 217, 217.00947, 0.0
Bi, 83, 218, 218.01432, 0.0
Po, 84, 188, 187.999422, 0.0
Po, 84, 189, 188.998481, 0.0
Po, 84, 190, 189.995101, 0.0
Po, 84, 191, 190.994574, 0.0
Po, 84, 192, 191.991335, 0.0
Po, 84, 193, 192.99103, 0.0
Po, 84, 194, 193.988186, 0.0
Po, 84, 195, 194.98811, 0.0
Po, 84, 196, 195.985535, 0.0
Po, 84, 197, 196.98566, 0.0
Po, 84, 198, 197.983389, 0.0
Po, 84, 199, 198.983666, 0.0
Po, 84, 200, 199.981799, 0.0
Po, 84, 201, 200.98226, 0.0
Po, 84, 202, 201.980758, 0.0
Po, 84, 203, 202.98142, 0.0
Po, 84, 204, 203.980318, 0.0
Po, 84, 205, 204.981203, 0.0
Po, 84, 206, 205.980481, 0.0
Po, 84, 207, 206.981593, 0.0
Po, 84, 208, 207.9812457, 0.0
Po, 84, 209, 208.9824304, 0.0
Po, 84, 210, 209.9828737, 0.0
Po, 84, 211, 210.9866532, 0.0
Po, 84, 212, 211.988868, 0.0
Po, 84, 213, 212.992857, 0.0
Po, 84, 214, 213.9952014, 0.0
Po, 84, 215, 214.99942, 0.0
Po, 84, 216, 216.001915, 0.0
Po, 84, 217, 217.006335, 0.0
Po, 84, 218, 218.008973, 0.0
Po, 84, 219, 219.01374, 0.0
Po, 84, 220, 220.0166, 0.0
At, 85, 193, 192.99984, 0.0
At, 85, 194, 193.99873, 0.0
At, 85, 195, 194.996268, 0.0
At, 85, 196, 195.99579, 0.0
At, 85, 197, 196.99319, 0.0
At, 85, 198, 197.99284, 0.0
At, 85, 199, 198.99053, 0.0
At, 85, 200, 199.990351, 0.0
At, 85, 201, 200.988417, 0.0
At, 85, 202, 201.98863, 0.0
At, 85, 203, 202.986942, 0.0
At, 85, 204, 203.987251, 0.0
At, 85, 205, 204.986074, 0.0
At, 85, 206, 205.986667, 0.0
At, 85, 207, 206.985784, 0.0
At, 85, 208, 207.98659, 0.0
At, 85, 209, 208.986173, 0.0
At, 85, 210, 209.987148, 0.0
At, 85, 211, 210.9874963, 0.0
At, 85, 212, 211.990745, 0.0
At, 85, 213, 212.992937, 0.0
At, 85, 214, 213.996372, 0.0
At, 85, 215, 214.998653, 0.0
At, 85, 216, 216.002423, 0.0
At, 85, 217, 217.004719, 0.0
At, 85, 218, 218.008694, 0.0
At, 85, 219, 219.011162, 0.0
At, 85, 220, 220.01541, 0.0
At, 85, 221, 221.01805, 0.0
At, 85, 222, 222.02233, 0.0
At, 85, 223, 223.02519, 0.0
Rn, 86, 195, 195.00544, 0.0
Rn, 86, 196, 196.002115, 0.0
Rn, 86, 197, 197.00158, 0.0
Rn, 86, 198, 197.998679, 0.0
Rn, 86, 199, 198.99837, 0.0
Rn, 86, 200, 199.995699, 0.0
Rn, 86, 201, 200.99563, 0.0
Rn, 86, 202, 201.993263, 0.0
Rn, 86, 203, 202.993387, 0.0
Rn, 86, 204, 203.991429, 0.0
Rn, 86, 205, 204.99172, 0.0
Rn, 86, 206, 205.990214, 0.0
Rn, 86, 207, 206.990734, 0.0
Rn, 86, 208, 207.989642, 0.0
Rn, 86, 209, 208.990415, 0.0
Rn, 86, 210, 209.989696, 0.0
Rn, 86, 211, 210.990601, 0.0
Rn, 86, 212, 211.990704, 0.0
Rn, 86, 213, 212.993883, 0.0
Rn, 86, 214, 213.995363, 0.0
Rn, 86, 215, 214.998745, 0.0
Rn, 86, 216, 216.000274, 0.0
Rn, 86, 217, 217.003928, 0.0
Rn, 86, 218, 218.0056013, 0.0
Rn, 86, 219, 219.0094802, 0.0
Rn, 86, 220, 220.011394, 0.0
Rn, 86, 221, 221.015537, 0.0
Rn, 86, 222, 222.0175777, 0.0
Rn, 86, 223, 223.02179, 0.0
Rn, 86, 224, 224.02409, 0.0
Rn, 86, 225, 225.02844, 0.0
Rn, 86, 226, 226.03089, 0.0
Rn, 86, 227, 227.03541, 0.0
Rn, 86, 228, 228.03799, 0.0
Fr, 87, 199, 199.00726, 0.0
Fr, 87, 200, 200.00657, 0.0
Fr, 87, 201, 201.00386, 0.0
Fr, 87, 202, 202.00337, 0.0
Fr, 87, 203, 203.000925, 0.0
Fr, 87, 204, 204.000653, 0.0
Fr, 87, 205, 204.998594, 0.0
Fr, 87, 206, 205.99867, 0.0
Fr, 87, 207, 206.99695, 0.0
Fr, 87, 208, 207.99714, 0.0
Fr, 87, 209, 208.995954, 0.0
Fr, 87, 210, 209.996408, 0.0
Fr, 87, 211, 210.995537, 0.0
Fr, 87, 212, 211.996202, 0.0
Fr, 87, 213, 212.996189, 0.0
Fr, 87, 214, 213.998971, 0.0
Fr, 87, 215, 215.000341, 0.0
Fr, 87, 216, 216.003198, 0.0
Fr, 87, 217, 217.004632, 0.0
Fr, 87, 218, 218.007578, 0.0
Fr, 87, 219, 219.009252, 0.0
Fr, 87, 220, 220.012327, 0.0
Fr, 87, 221, 221.014255, 0.0
Fr, 87, 222, 222.017552, 0.0
Fr, 87, 223, 223.0197359, 0.0
Fr, 87, 224, 224.02325, 0.0
Fr, 87, 225, 225.02557, 0.0
Fr, 87, 226, 226.02939, 0.0
Fr, 87, 227, 227.03184, 0.0
Fr, 87, 228, 228.03573, 0.0
Fr, 87, 229, 229.03845, 0.0
Fr, 87, 230, 230.04251, 0.0
Fr, 87, 231, 231.04544, 0.0
Fr, 87, 232, 232.04977, 0.0
Ra, 88, 202, 202.00989, 0.0
Ra, 88, 203, 203.00927, 0.0
Ra, 88, 204, 204.0065, 0.0
Ra, 88, 205, 205.00627, 0.0
Ra, 88, 206, 206.003827, 0.0
Ra, 88, 207, 207.0038, 0.0
Ra, 88, 208, 208.00184, 0.0
Ra, 88, 209, 209.00199, 0.0
Ra, 88, 210, 210.000495, 0.0
Ra, 88, 211, 211.000898, 0.0
Ra, 88, 212, 211.999794, 0.0
Ra, 88, 213, 213.000384, 0.0
Ra, 88, 214, 214.000108, 0.0
Ra, 88, 215, 215.00272, 0.0
Ra, 88, 216, 216.003533, 0.0
Ra, 88, 217, 217.00632, 0.0
Ra, 88, 218, 218.00714, 0.0
Ra, 88, 219, 219.010085, 0.0
Ra, 88, 220, 220.011028, 0.0
Ra, 88, 221, 221.013917, 0.0
Ra, 88, 222, 222.015375, 0.0
Ra, 88, 223, 223.0185022, 0.0
Ra, 88, 224, 224.0202118, 0.0
Ra, 88, 225, 225.023612, 0.0
Ra, 88, 226, 226.0254098, 0.0
Ra, 88, 227, 227.0291778, 0.0
Ra, 88, 228, 228.0310703, 0.0
Ra, 88, 229, 229.034958, 0.0
Ra, 88, 230, 230.037056, 0.0
Ra, 88, 231, 231.04122, 0.0
Ra, 88, 232, 232.04364, 0.0
Ra, 88, 233, 233.04806, 0.0
Ra, 88, 234, 234.0507, 0.0
Ac, 89, 206, 206.0145, 0.0
Ac, 89, 207, 207.01195, 0.0
Ac, 89, 208, 208.01155, 0.0
Ac, 89, 209, 209.00949, 0.0
Ac, 89, 210, 210.00944, 0.0
Ac, 89, 211, 211.00773, 0.0
Ac, 89, 212, 212.00781, 0.0
Ac, 89, 213, 213.00661, 0.0
Ac, 89, 214, 214.006902, 0.0
Ac, 89, 215, 215.006454, 0.0
Ac, 89, 216, 216.00872, 0.0
Ac, 89, 217, 217.009347, 0.0
Ac, 89, 218, 218.01164, 0.0
Ac, 89, 219, 219.01242, 0.0
Ac, 89, 220, 220.014763, 0.0
Ac, 89, 221, 221.01559, 0.0
Ac, 89, 222, 222.017844, 0.0
Ac, 89, 223, 223.019137, 0.0
Ac, 89, 224, 224.021723, 0.0
Ac, 89, 225, 225.02323, 0.0
Ac, 89, 226, 226.026098, 0.0
Ac, 89, 227, 227.0277521, 0.0
Ac, 89, 228, 228.0310211, 0.0
Ac, 89, 229, 229.03302, 0.0
Ac, 89, 230, 230.03629, 0.0
Ac, 89, 231, 231.03856, 0.0
Ac, 89, 232, 232.04203, 0.0
Ac, 89, 233, 233.04455, 0.0
Ac, 89, 234, 234.04842, 0.0
Ac, 89, 235, 235.05123, 0.0
Ac, 89, 236, 236.0553, 0.0
Th, 90, 209, 209.01772, 0.0
Th, 90, 210, 210.015075, 0.0
Th, 90, 211, 211.01493, 0.0
Th, 90, 212, 212.01298, 0.0
Th, 90, 213, 213.01301, 0.0
Th, 90, 214, 214.0115, 0.0
Th, 90, 215, 215.01173, 0.0
Th, 90, 216, 216.011062, 0.0
Th, 90, 217, 217.013114, 0.0
Th, 90, 218, 218.013284, 0.0
Th, 90, 219, 219.01554, 0.0
Th, 90, 220, 220.015748, 0.0
Th, 90, 221, 221.018184, 0.0
Th, 90, 222, 222.018468, 0.0
Th, 90, 223, 223.020811, 0.0
Th, 90, 224, 224.021467, 0.0
Th, 90, 225, 225.023951, 0.0
Th, 90, 226, 226.024903, 0.0
Th, 90, 227, 227.0277041, 0.0
Th, 90, 228, 228.0287411, 0.0
Th, 90, 229, 229.031762, 0.0
Th, 90, 230, 230.0331338, 0.0
Th, 90, 231, 231.0363043, 0.0
Th, 90, 232, 232.0380553, 100.0
Th, 90, 233, 233.0415818, 0.0
Th, 90, 234, 234.043601, 0.0
Th, 90, 235, 235.04751, 0.0
Th, 90, 236, 236.04987, 0.0
Th, 90, 237, 237.05389, 0.0
Th, 90, 238, 238.0565, 0.0
Pa, 91, 212, 212.0232, 0.0
Pa, 91, 213, 213.02111, 0.0
Pa, 91, 214, 214.02092, 0.0
Pa, 91, 215, 215.01919, 0.0
Pa, 91, 216, 216.01911, 0.0
Pa, 91, 217, 217.01832, 0.0
Pa, 91, 218, 218.020042, 0.0
Pa, 91, 219, 219.01988, 0.0
Pa, 91, 220, 220.02188, 0.0
Pa, 91, 221, 221.02188, 0.0
Pa, 91, 222, 222.02374, 0.0
Pa, 91, 223, 223.02396, 0.0
Pa, 91, 224, 224.025626, 0.0
Pa, 91, 225, 225.02613, 0.0
Pa, 91, 226, 226.027948, 0.0
Pa, 91, 227, 227.028805, 0.0
Pa, 91, 228, 228.031051, 0.0
Pa, 91, 229, 229.0320968, 0.0
Pa, 91, 230, 230.034541, 0.0
Pa, 91, 231, 231.035884, 100.0
Pa, 91, 232, 232.038592, 0.0
Pa, 91, 233, 233.0402473, 0.0
Pa, 91, 234, 234.043308, 0.0
Pa, 91, 235, 235.04544, 0.0
Pa, 91, 236, 236.04868, 0.0
Pa, 91, 237, 237.05115, 0.0
Pa, 91, 238, 238.0545, 0.0
Pa, 91, 239, 239.05726, 0.0
Pa, 91, 240, 240.06098, 0.0
U, 92, 217, 217.02437, 0.0
U, 92, 218, 218.02354, 0.0
U, 92, 219, 219.02492, 0.0
U, 92, 220, 220.02472, 0.0
U, 92, 221, 221.0264, 0.0
U, 92, 222, 222.02609, 0.0
U, 92, 223, 223.02774, 0.0
U, 92, 224, 224.027605, 0.0
U, 92, 225, 225.029391, 0.0
U, 92, 226, 226.029339, 0.0
U, 92, 227, 227.031156, 0.0
U, 92, 228, 228.031374, 0.0
U, 92, 229, 229.033506, 0.0
U, 92, 230, 230.03394, 0.0
U, 92, 231, 231.036294, 0.0
U, 92, 232, 232.0371562, 0.0
U, 92, 233, 233.0396352, 0.0
U, 92, 234, 234.0409521, 0.0055
U, 92, 235, 235.0439299, 0.72
U, 92, 236, 236.045568, 0.0
U, 92, 237, 237.0487302, 0.0
U, 92, 238, 238.0507882, 99.2745
U, 92, 239, 239.0542933, 0.0
U, 92, 240, 240.056592, 0.0
U, 92, 241, 241.06033, 0.0
U, 92, 242, 242.06293, 0.0
Np, 93, 225, 225.03391, 0.0
Np, 93, 226, 226.03515, 0.0
Np, 93, 227, 227.03496, 0.0
Np, 93, 228, 228.03618, 0.0
Np, 93, 229, 229.03626, 0.0
Np, 93, 230, 230.03783, 0.0
Np, 93, 231, 231.03825, 0.0
Np, 93, 232, 232.04011, 0.0
Np, 93, 233, 233.04074, 0.0
Np, 93, 234, 234.042895, 0.0
Np, 93, 235, 235.0440633, 0.0
Np, 93, 236, 236.04657, 0.0
Np, 93, 237, 237.0481734, 0.0
Np, 93, 238, 238.0509464, 0.0
Np, 93, 239, 239.052939, 0.0
Np, 93, 240, 240.056162, 0.0
Np, 93, 241, 241.05825, 0.0
Np, 93, 242, 242.06164, 0.0
Np, 93, 243, 243.06428, 0.0
Np, 93, 244, 244.06785, 0.0
Pu, 94, 228, 228.03874, 0.0
Pu, 94, 229, 229.04015, 0.0
Pu, 94, 230, 230.03965, 0.0
Pu, 94, 231, 231.041101, 0.0
Pu, 94, 232, 232.041187, 0.0
Pu, 94, 233, 233.043, 0.0
Pu, 94, 234, 234.043317, 0.0
Pu, 94, 235, 235.045286, 0.0
Pu, 94, 236, 236.046058, 0.0
Pu, 94, 237, 237.0484097, 0.0
Pu, 94, 238, 238.0495599, 0.0
Pu, 94, 239, 239.0521634, 0.0
Pu, 94, 240, 240.0538135, 0.0
Pu, 94, 241, 241.0568515, 0.0
Pu, 94, 242, 242.0587426, 0.0
Pu, 94, 243, 243.062003, 0.0
Pu, 94, 244, 244.064204, 0.0
Pu, 94, 245, 245.067747, 0.0
Pu, 94, 246, 246.070205, 0.0
Pu, 94, 247, 247.07407, 0.0
Am, 95, 231, 231.04556, 0.0
Am, 95, 232, 232.04659, 0.0
Am, 95, 233, 233.04635, 0.0
Am, 95, 234, 234.04781, 0.0
Am, 95, 235, 235.04795, 0.0
Am, 95, 236, 236.04958, 0.0
Am, 95, 237, 237.05, 0.0
Am, 95, 238, 238.05198, 0.0
Am, 95, 239, 239.0530245, 0.0
Am, 95, 240, 240.0553, 0.0
Am, 95, 241, 241.0568291, 0.0
Am, 95, 242, 242.0595492, 0.0
Am, 95, 243, 243.0613811, 0.0
Am, 95, 244, 244.0642848, 0.0
Am, 95, 245, 245.066452, 0.0
Am, 95, 246, 246.069775, 0.0
Am, 95, 247, 247.07209, 0.0
Am, 95, 248, 248.07575, 0.0
Am, 95, 249, 249.07848, 0.0
Cm, 96, 233, 233.05077, 0.0
Cm, 96, 234, 234.05016, 0.0
Cm, 96, 235, 235.05143, 0.0
Cm, 96, 236, 236.05141, 0.0
Cm, 96, 237, 237.0529, 0.0
Cm, 96, 238, 238.05303, 0.0
Cm, 96, 239, 239.05496, 0.0
Cm, 96, 240, 240.0555295, 0.0
Cm, 96, 241, 241.057653, 0.0
Cm, 96, 242, 242.0588358, 0.0
Cm, 96, 243, 243.0613891, 0.0
Cm, 96, 244, 244.0627526, 0.0
Cm, 96, 245, 245.0654912, 0.0
Cm, 96, 246, 246.0672237, 0.0
Cm, 96, 247, 247.070354, 0.0
Cm, 96, 248, 248.072349, 0.0
Cm, 96, 249, 249.075953, 0.0
Cm, 96, 250, 250.078357, 0.0
Cm, 96, 251, 251.082285, 0.0
Cm, 96, 252, 252.08487, 0.0
Bk, 97, 235, 235.05658, 0.0
Bk, 97, 236, 236.05733, 0.0
Bk, 97, 237, 237.057, 0.0
Bk, 97, 238, 238.05828, 0.0
Bk, 97, 239, 239.05828, 0.0
Bk, 97, 240, 240.05976, 0.0
Bk, 97, 241, 241.06023, 0.0
Bk, 97, 242, 242.06198, 0.0
Bk, 97, 243, 243.063008, 0.0
Bk, 97, 244, 244.065181, 0.0
Bk, 97, 245, 245.0663616, 0.0
Bk, 97, 246, 246.06867, 0.0
Bk, 97, 247, 247.070307, 0.0
Bk, 97, 248, 248.07309, 0.0
Bk, 97, 249, 249.0749867, 0.0
Bk, 97, 250, 250.078317, 0.0
Bk, 97, 251, 251.08076, 0.0
Bk, 97, 252, 252.08431, 0.0
Bk, 97, 253, 253.08688, 0.0
Bk, 97, 254, 254.0906, 0.0
Cf, 98, 237, 237.06207, 0.0
Cf, 98, 238, 238.06141, 0.0
Cf, 98, 239, 239.06242, 0.0
Cf, 98, 240, 240.0623, 0.0
Cf, 98, 241, 241.06373, 0.0
Cf, 98, 242, 242.0637, 0.0
Cf, 98, 243, 243.06543, 0.0
Cf, 98, 244, 244.066001, 0.0
Cf, 98, 245, 245.068049, 0.0
Cf, 98, 246, 246.0688053, 0.0
Cf, 98, 247, 247.071001, 0.0
Cf, 98, 248, 248.072185, 0.0
Cf, 98, 249, 249.0748535, 0.0
Cf, 98, 250, 250.0764061, 0.0
Cf, 98, 251, 251.079587, 0.0
Cf, 98, 252, 252.081626, 0.0
Cf, 98, 253, 253.085133, 0.0
Cf, 98, 254, 254.087323, 0.0
Cf, 98, 255, 255.09105, 0.0
Cf, 98, 256, 256.09344, 0.0
Es, 99, 240, 240.06892, 0.0
Es, 99, 241, 241.06854, 0.0
Es, 99, 242, 242.06975, 0.0
Es, 99, 243, 243.06955, 0.0
Es, 99, 244, 244.07088, 0.0
Es, 99, 245, 245.07132, 0.0
Es, 99, 246, 246.0729, 0.0
Es, 99, 247, 247.07366, 0.0
Es, 99, 248, 248.07547, 0.0
Es, 99, 249, 249.07641, 0.0
Es, 99, 250, 250.07861, 0.0
Es, 99, 251, 251.079992, 0.0
Es, 99, 252, 252.08298, 0.0
Es, 99, 253, 253.0848247, 0.0
Es, 99, 254, 254.088022, 0.0
Es, 99, 255, 255.090273, 0.0
Es, 99, 256, 256.0936, 0.0
Es, 99, 257, 257.09598, 0.0
Es, 99, 258, 258.09952, 0.0
Fm, 100, 242, 242.07343, 0.0
Fm, 100, 243, 243.07435, 0.0
Fm, 100, 244, 244.07408, 0.0
Fm, 100, 245, 245.07539, 0.0
Fm, 100, 246, 246.0753, 0.0
Fm, 100, 247, 247.07685, 0.0
Fm, 100, 248, 248.077195, 0.0
Fm, 100, 249, 249.07903, 0.0
Fm, 100, 250, 250.079521, 0.0
Fm, 100, 251, 251.081575, 0.0
Fm, 100, 252, 252.082467, 0.0
Fm, 100, 253, 253.085185, 0.0
Fm, 100, 254, 254.0868542, 0.0
Fm, 100, 255, 255.089962, 0.0
Fm, 100, 256, 256.091773, 0.0
Fm, 100, 257, 257.095105, 0.0
Fm, 100, 258, 258.09708, 0.0
Fm, 100, 259, 259.1006, 0.0
Fm, 100, 260, 260.10268, 0.0
Md, 101, 245, 245.08083, 0.0
Md, 101, 246, 246.08189, 0.0
Md, 101, 247, 247.08164, 0.0
Md, 101, 248, 248.08282, 0.0
Md, 101, 249, 249.08301, 0.0
Md, 101, 250, 250.08442, 0.0
Md, 101, 251, 251.08484, 0.0
Md, 101, 252, 252.08656, 0.0
Md, 101, 253, 253.08728, 0.0
Md, 101, 254, 254.08966, 0.0
Md, 101, 255, 255.091083, 0.0
Md, 101, 256, 256.09406, 0.0
Md, 101, 257, 257.095541, 0.0
Md, 101, 258, 258.098431, 0.0
Md, 101, 259, 259.10051, 0.0
Md, 101, 260, 260.10365, 0.0
Md, 101, 261, 261.10572, 0.0
Md, 101, 262, 262.10887, 0.0
No, 102, 248, 248.0866, 0.0
No, 102, 249, 249.08783, 0.0
No, 102, 250, 250.08751, 0.0
No, 102, 251, 251.08901, 0.0
No, 102, 252, 252.088977, 0.0
No, 102, 253, 253.09068, 0.0
No, 102, 254, 254.090955, 0.0
No, 102, 255, 255.093241, 0.0
No, 102, 256, 256.094283, 0.0
No, 102, 257, 257.096877, 0.0
No, 102, 258, 258.09821, 0.0
No, 102, 259, 259.10103, 0.0
No, 102, 260, 260.10264, 0.0
No, 102, 261, 261.10575, 0.0
No, 102, 262, 262.1073, 0.0
No, 102, 263, 263.11055, 0.0
No, 102, 264, 264.11235, 0.0
Lr, 103, 251, 251.09436, 0.0
Lr, 103, 252, 252.09537, 0.0
Lr, 103, 253, 253.09521, 0.0
Lr, 103, 254, 254.09645, 0.0
Lr, 103, 255, 255.09668, 0.0
Lr, 103, 256, 256.09863, 0.0
Lr, 103, 257, 257.09956, 0.0
Lr, 103, 258, 258.10181, 0.0
Lr, 103, 259, 259.1029, 0.0
Lr, 103, 260, 260.1055, 0.0
Lr, 103, 261, 261.10688, 0.0
Lr, 103, 262, 262.10963, 0.0
Lr, 103, 263, 263.11129, 0.0
Lr, 103, 264, 264.11404, 0.0
Lr, 103, 265, 265.11584, 0.0
Lr, 103, 266, 266.11931, 0.0
Rf, 104, 253, 253.10069, 0.0
Rf, 104, 254, 254.10018, 0.0
Rf, 104, 255, 255.10134, 0.0
Rf, 104, 256, 256.101166, 0.0
Rf, 104, 257, 257.10299, 0.0
Rf, 104, 258, 258.10349, 0.0
Rf, 104, 259, 259.10564, 0.0
Rf, 104, 260, 260.10644, 0.0
Rf, 104, 261, 261.10877, 0.0
Rf, 104, 262, 262.10993, 0.0
Rf, 104, 263, 263.11255, 0.0
Rf, 104, 264, 264.11399, 0.0
Rf, 104, 265, 265.1167, 0.0
Rf, 104, 266, 266.11796, 0.0
Rf, 104, 267, 267.12153, 0.0
Rf, 104, 268, 268.12364, 0.0
Db, 105, 255, 255.1074, 0.0
Db, 105, 256, 256.10813, 0.0
Db, 105, 257, 257.10772, 0.0
Db, 105, 258, 258.10923, 0.0
Db, 105, 259, 259.10961, 0.0
Db, 105, 260, 260.1113, 0.0
Db, 105, 261, 261.11206, 0.0
Db, 105, 262, 262.11408, 0.0
Db, 105, 263, 263.11499, 0.0
Db, 105, 264, 264.1174, 0.0
Db, 105, 265, 265.1186, 0.0
Db, 105, 266, 266.12103, 0.0
Db, 105, 267, 267.12238, 0.0
Db, 105, 268, 268.12545, 0.0
Db, 105, 269, 269.12746, 0.0
Db, 105, 270, 270.13071, 0.0
Sg, 106, 258, 258.11317, 0.0
Sg, 106, 259, 259.1145, 0.0
Sg, 106, 260, 260.11442, 0.0
Sg, 106, 261, 261.11612, 0.0
Sg, 106, 262, 262.1164, 0.0
Sg, 106, 263, 263.11832, 0.0
Sg, 106, 264, 264.11893, 0.0
Sg, 106, 265, 265.12111, 0.0
Sg, 106, 266, 266.12207, 0.0
Sg, 106, 267, 267.12443, 0.0
Sg, 106, 268, 268.12561, 0.0
Sg, 106, 269, 269.12876, 0.0
Sg, 106, 270, 270.13033, 0.0
Sg, 106, 271, 271.13347, 0.0
Sg, 106, 272, 272.13516, 0.0
Sg, 106, 273, 273.13822, 0.0
Bh, 107, 260, 260.12197, 0.0
Bh, 107, 261, 261.12166, 0.0
Bh, 107, 262, 262.12289, 0.0
Bh, 107, 263, 263.12304, 0.0
Bh, 107, 264, 264.1246, 0.0
Bh, 107, 265, 265.12515, 0.0
Bh, 107, 266, 266.12694, 0.0
Bh, 107, 267, 267.12765, 0.0
Bh, 107, 268, 268.12976, 0.0
Bh, 107, 269, 269.13069, 0.0
Bh, 107, 270, 270.13362, 0.0
Bh, 107, 271, 271.13518, 0.0
Bh, 107, 272, 272.13803, 0.0
Bh, 107, 273, 273.13962, 0.0
Bh, 107, 274, 274.14244, 0.0
Bh, 107, 275, 275.14425, 0.0
Hs, 108, 263, 263.12856, 0.0
Hs, 108, 264, 264.12839, 0.0
Hs, 108, 265, 265.13009, 0.0
Hs, 108, 266, 266.1301, 0.0
Hs, 108, 267, 267.13179, 0.0
Hs, 108, 268, 268.13216, 0.0
Hs, 108, 269, 269.13406, 0.0
Hs, 108, 270, 270.13465, 0.0
Hs, 108, 271, 271.13766, 0.0
Hs, 108, 272, 272.13905, 0.0
Hs, 108, 273, 273.14199, 0.0
Hs, 108, 274, 274.14313, 0.0
Hs, 108, 275, 275.14595, 0.0
Hs, 108, 276, 276.14721, 0.0
Hs, 108, 277, 277.14984, 0.0
Mt, 109, 265, 265.13615, 0.0
Mt, 109, 266, 266.1373, 0.0
Mt, 109, 267, 267.13731, 0.0
Mt, 109, 268, 268.13873, 0.0
Mt, 109, 269, 269.13906, 0.0
Mt, 109, 270, 270.14066, 0.0
Mt, 109, 271, 271.14114, 0.0
Mt, 109, 272, 272.14374, 0.0
Mt, 109, 273, 273.14491, 0.0
Mt, 109, 274, 274.14749, 0.0
Mt, 109, 275, 275.14865, 0.0
Mt, 109, 276, 276.15116, 0.0
Mt, 109, 277, 277.15242, 0.0
Mt, 109, 278, 278.15481, 0.0
Mt, 109, 279, 279.15619, 0.0
Ds, 110, 267, 267.14434, 0.0
Ds, 110, 268, 268.1438, 0.0
Ds, 110, 269, 269.14512, 0.0
Ds, 110, 270, 270.14472, 0.0
Ds, 110, 271, 271.14606, 0.0
Ds, 110, 272, 272.14632, 0.0
Ds, 110, 273, 273.14886, 0.0
Ds, 110, 274, 274.14949, 0.0
Ds, 110, 275, 275.15218, 0.0
Ds, 110, 276, 276.15303, 0.0
Ds, 110, 277, 277.15565, 0.0
Ds, 110, 278, 278.15647, 0.0
Ds, 110, 279, 279.15886, 0.0
Ds, 110, 280, 280.1598, 0.0
Ds, 110, 281, 281.16206, 0.0
Rg, 111, 272, 272.15362, 0.0
Rg, 111, 273, 273.15368, 0.0
Rg, 111, 274, 274.15571, 0.0
Rg, 111, 275, 275.15614, 0.0
Rg, 111, 276, 276.15849, 0.0
Rg, 111, 277, 277.15952, 0.0
Rg, 111, 278, 278.1616, 0.0
Rg, 111, 279, 279.16247, 0.0
Rg, 111, 280, 280.16447, 0.0
Rg, 111, 281, 281.16537, 0.0
Rg, 111, 282, 282.16749, 0.0
Rg, 111, 283, 283.16842, 0.0
Uub, 112, 277, 277.16394, 0.0
Uub, 112, 278, 278.16431, 0.0
Uub, 112, 279, 279.16655, 0.0
Uub, 112, 280, 280.16704, 0.0
Uub, 112, 281, 281.16929, 0.0
Uub, 112, 282, 282.16977, 0.0
Uub, 112, 283, 283.17179, 0.0
Uub, 112, 284, 284.17238, 0.0
Uub, 112, 285, 285.17411, 0.0
Uut, 113, 283, 283.17645, 0.0
Uut, 113, 284, 284.17808, 0.0
Uut, 113, 285, 285.17873, 0.0
Uut, 113, 286, 286.18048, 0.0
Uut, 113, 287, 287.18105, 0.0
Uuq, 114, 285, 285.1837, 0.0
Uuq, 114, 286, 286.18386, 0.0
Uuq, 114, 287, 287.1856, 0.0
Uuq, 114, 288, 288.18569, 0.0
Uuq, 114, 289, 289.18728, 0.0
Uup, 115, 287, 287.19119, 0.0
Uup, 115, 288, 288.19249, 0.0
Uup, 115, 289, 289.19272, 0.0
Uup, 115, 290, 290.19414, 0.0
Uup, 115, 291, 291.19438, 0.0